timestamp,weight,scale_drop,vernier_drop
2025-10-06 21:37:15.119736910,0.0,0.0,
2025-10-06 21:37:15.528739214,0.0,0.0,
2025-10-06 21:37:15.934732199,0.001,0.0,
2025-10-06 21:37:16.340739012,0.0,0.0,
2025-10-06 21:37:16.746655703,0.001,0.0,
2025-10-06 21:37:17.302737236,,,1.0
2025-10-06 21:37:17.149835825,0.0,0.0,
2025-10-06 21:37:17.482737064,,,2.0
2025-10-06 21:37:17.662996531,,,3.0
2025-10-06 21:37:17.752472162,,,4.0
2025-10-06 21:37:17.556743145,0.0,0.0,
2025-10-06 21:37:17.872739553,,,5.0
2025-10-06 21:37:17.952740192,,,6.0
2025-10-06 21:37:18.072469711,,,7.0
2025-10-06 21:37:18.162987471,,,8.0
2025-10-06 21:37:17.962275267,0.007,0.0,
2025-10-06 21:37:18.282987833,,,9.0
2025-10-06 21:37:18.362499952,,,10.0
2025-10-06 21:37:18.512440919,,,11.0
2025-10-06 21:37:18.367108822,0.053,0.0,
2025-10-06 21:37:18.582739115,,,12.0
2025-10-06 21:37:18.702740431,,,13.0
2025-10-06 21:37:18.782991886,,,14.0
2025-10-06 21:37:18.902740479,,,15.0
2025-10-06 21:37:18.773972034,0.087,0.0,
2025-10-06 21:37:18.992603302,,,16.0
2025-10-06 21:37:19.092742205,,,17.0
2025-10-06 21:37:19.192311525,,,18.0
2025-10-06 21:37:19.252468586,,,19.0
2025-10-06 21:37:19.362704277,,,20.0
2025-10-06 21:37:19.176470041,0.117,0.0,
2025-10-06 21:37:19.512678862,,,21.0
2025-10-06 21:37:19.612989902,,,22.0
2025-10-06 21:37:19.732743740,,,23.0
2025-10-06 21:37:19.579710245,0.151,0.0,
2025-10-06 21:37:19.822742224,,,24.0
2025-10-06 21:37:19.952744007,,,25.0
2025-10-06 21:37:20.022742748,,,26.0
2025-10-06 21:37:20.142740250,,,27.0
2025-10-06 21:37:19.986187458,0.178,0.0,
2025-10-06 21:37:20.352744818,,,28.0
2025-10-06 21:37:20.432744741,,,29.0
2025-10-06 21:37:20.492466211,,,30.0
2025-10-06 21:37:20.391720295,0.209,0.0,
2025-10-06 21:37:20.612702131,,,31.0
2025-10-06 21:37:20.763001680,,,32.0
2025-10-06 21:37:20.852745533,,,33.0
2025-10-06 21:37:20.972993374,,,34.0
2025-10-06 21:37:20.799455643,0.234,0.0,
2025-10-06 21:37:21.062744856,,,35.0
2025-10-06 21:37:21.182744980,,,36.0
2025-10-06 21:37:21.262999296,,,37.0
2025-10-06 21:37:21.392471790,,,38.0
2025-10-06 21:37:21.203471184,0.264,0.0,
2025-10-06 21:37:21.472747326,,,39.0
2025-10-06 21:37:21.592864037,,,40.0
2025-10-06 21:37:21.682746410,,,41.0
2025-10-06 21:37:21.802992105,,,42.0
2025-10-06 21:37:21.607602835,0.29,0.0,
2025-10-06 21:37:21.882842541,,,43.0
2025-10-06 21:37:22.012995243,,,44.0
2025-10-06 21:37:22.092748404,,,45.0
2025-10-06 21:37:22.009995699,0.321,0.0,
2025-10-06 21:37:22.222746849,,,46.0
2025-10-06 21:37:22.302746534,,,47.0
2025-10-06 21:37:22.412989616,,,48.0
2025-10-06 21:37:22.502748013,,,49.0
2025-10-06 21:37:22.414991617,0.349,0.0,
2025-10-06 21:37:22.632539511,,,50.0
2025-10-06 21:37:22.722747803,,,51.0
2025-10-06 21:37:22.843000889,,,52.0
2025-10-06 21:37:22.942748308,,,53.0
2025-10-06 21:37:22.820471764,0.375,0.0,
2025-10-06 21:37:23.072749853,,,54.0
2025-10-06 21:37:23.162393332,,,55.0
2025-10-06 21:37:23.292750359,,,56.0
2025-10-06 21:37:23.225261211,0.409,0.0,
2025-10-06 21:37:23.442749977,,,57.0
2025-10-06 21:37:23.602750301,,,58.0
2025-10-06 21:37:23.712476969,,,59.0
2025-10-06 21:37:23.629995108,0.436,0.0,
2025-10-06 21:37:23.872750998,,,60.0
2025-10-06 21:37:23.952751637,,,61.0
2025-10-06 21:37:24.072468758,,,62.0
2025-10-06 21:37:24.162331343,,,63.0
2025-10-06 21:37:24.222013712,,,64.0
2025-10-06 21:37:24.033471822,0.47,0.0,
2025-10-06 21:37:24.332422256,,,65.0
2025-10-06 21:37:24.482750416,,,66.0
2025-10-06 21:37:24.438893318,0.498,0.0,
2025-10-06 21:37:24.692753315,,,67.0
2025-10-06 21:37:24.782993078,,,68.0
2025-10-06 21:37:24.842994690,,,69.0
2025-10-06 21:37:24.962752581,,,70.0
2025-10-06 21:37:24.842994690,0.531,0.0,
2025-10-06 21:37:25.092473269,,,71.0
2025-10-06 21:37:25.252336025,,,72.0
2025-10-06 21:37:25.373018265,,,73.0
2025-10-06 21:37:25.432467461,,,74.0
2025-10-06 21:37:25.247332573,0.561,0.0,
2025-10-06 21:37:25.562482119,,,75.0
2025-10-06 21:37:25.672267675,,,76.0
2025-10-06 21:37:25.782663345,,,77.0
2025-10-06 21:37:25.843016624,,,78.0
2025-10-06 21:37:25.655503035,0.591,0.0,
2025-10-06 21:37:25.972755671,,,79.0
2025-10-06 21:37:26.042996883,,,80.0
2025-10-06 21:37:26.162755251,,,81.0
2025-10-06 21:37:26.262560844,,,82.0
2025-10-06 21:37:26.058992863,0.619,0.0,
2025-10-06 21:37:26.392470360,,,83.0
2025-10-06 21:37:26.492439508,,,84.0
2025-10-06 21:37:26.612454176,,,85.0
2025-10-06 21:37:26.464002848,0.65,0.0,
2025-10-06 21:37:26.752397299,,,86.0
2025-10-06 21:37:26.852858782,,,87.0
2025-10-06 21:37:26.982673407,,,88.0
2025-10-06 21:37:27.062425613,,,89.0
2025-10-06 21:37:26.873477936,0.677,0.0,
2025-10-06 21:37:27.192477942,,,90.0
2025-10-06 21:37:27.272469997,,,91.0
2025-10-06 21:37:27.392758608,,,92.0
2025-10-06 21:37:27.472994089,,,93.0
2025-10-06 21:37:27.280014515,0.709,0.0,
2025-10-06 21:37:27.602757215,,,94.0
2025-10-06 21:37:27.683000803,,,95.0
2025-10-06 21:37:27.812061071,,,96.0
2025-10-06 21:37:27.681997776,0.738,0.0,
2025-10-06 21:37:27.892759562,,,97.0
2025-10-06 21:37:28.012997627,,,98.0
2025-10-06 21:37:28.092419624,,,99.0
2025-10-06 21:37:28.222759008,,,100.0
2025-10-06 21:37:28.099425793,0.771,0.0,
2025-10-06 21:37:28.302471161,,,101.0
2025-10-06 21:37:28.432759762,,,102.0
2025-10-06 21:37:28.513005972,,,103.0
2025-10-06 21:37:28.632079840,,,104.0
2025-10-06 21:37:28.506992102,0.801,0.0,
2025-10-06 21:37:28.712828875,,,105.0
2025-10-06 21:37:28.842998028,,,106.0
2025-10-06 21:37:28.922144175,,,107.0
2025-10-06 21:37:29.052964687,,,108.0
2025-10-06 21:37:28.911145449,0.832,0.0,
2025-10-06 21:37:29.132761717,,,109.0
2025-10-06 21:37:29.262340307,,,110.0
2025-10-06 21:37:29.342761040,,,111.0
2025-10-06 21:37:29.462292910,,,112.0
2025-10-06 21:37:29.316996098,0.861,0.0,
2025-10-06 21:37:29.542292118,,,113.0
2025-10-06 21:37:29.672292709,,,114.0
2025-10-06 21:37:29.752422333,,,115.0
2025-10-06 21:37:29.872763157,,,116.0
2025-10-06 21:37:29.729313850,0.895,0.0,
2025-10-06 21:37:29.962485790,,,117.0
2025-10-06 21:37:30.082193851,,,118.0
2025-10-06 21:37:30.162482023,,,119.0
2025-10-06 21:37:30.292747736,,,120.0
2025-10-06 21:37:30.132464169,0.921,0.0,
2025-10-06 21:37:30.372764349,,,121.0
2025-10-06 21:37:30.502763509,,,122.0
2025-10-06 21:37:30.582830191,,,123.0
2025-10-06 21:37:30.702763796,,,124.0
2025-10-06 21:37:30.538870811,0.951,0.0,
2025-10-06 21:37:30.792910576,,,125.0
2025-10-06 21:37:30.913014174,,,126.0
2025-10-06 21:37:30.992766142,,,127.0
2025-10-06 21:37:31.122229576,,,128.0
2025-10-06 21:37:30.941318035,0.981,0.0,
2025-10-06 21:37:31.202764750,,,129.0
2025-10-06 21:37:31.322992802,,,130.0
2025-10-06 21:37:31.412170172,,,131.0
2025-10-06 21:37:31.532831669,,,132.0
2025-10-06 21:37:31.345483065,1.012,0.0,
2025-10-06 21:37:31.612951756,,,133.0
2025-10-06 21:37:31.742764711,,,134.0
2025-10-06 21:37:31.822765827,,,135.0
2025-10-06 21:37:31.942766190,,,136.0
2025-10-06 21:37:31.761678696,1.041,0.0,
2025-10-06 21:37:32.032767534,,,137.0
2025-10-06 21:37:32.152429819,,,138.0
2025-10-06 21:37:32.232343912,,,139.0
2025-10-06 21:37:32.362636328,,,140.0
2025-10-06 21:37:32.167809725,1.072,0.0,
2025-10-06 21:37:32.442986250,,,141.0
2025-10-06 21:37:32.573086262,,,142.0
2025-10-06 21:37:32.653000593,,,143.0
2025-10-06 21:37:32.772769213,,,144.0
2025-10-06 21:37:32.575079203,1.101,0.0,
2025-10-06 21:37:32.862126589,,,145.0
2025-10-06 21:37:32.982768297,,,146.0
2025-10-06 21:37:33.062541962,,,147.0
2025-10-06 21:37:32.978732824,1.131,0.0,
2025-10-06 21:37:33.192470074,,,148.0
2025-10-06 21:37:33.272471905,,,149.0
2025-10-06 21:37:33.392770052,,,150.0
2025-10-06 21:37:33.482481003,,,151.0
2025-10-06 21:37:33.384458780,1.159,0.0,
2025-10-06 21:37:33.602769613,,,152.0
2025-10-06 21:37:33.682770014,,,153.0
2025-10-06 21:37:33.812265396,,,154.0
2025-10-06 21:37:33.892771006,,,155.0
2025-10-06 21:37:33.787415743,1.19,0.0,
2025-10-06 21:37:34.012478113,,,156.0
2025-10-06 21:37:34.102770329,,,157.0
2025-10-06 21:37:34.222770929,,,158.0
2025-10-06 21:37:34.302771568,,,159.0
2025-10-06 21:37:34.189880133,1.218,0.0,
2025-10-06 21:37:34.432470083,,,160.0
2025-10-06 21:37:34.522996425,,,161.0
2025-10-06 21:37:34.642400980,,,162.0
2025-10-06 21:37:34.732772827,,,163.0
2025-10-06 21:37:34.595979691,1.249,0.0,
2025-10-06 21:37:34.852864265,,,164.0
2025-10-06 21:37:34.932773352,,,165.0
2025-10-06 21:37:35.052773476,,,166.0
2025-10-06 21:37:35.132773638,,,167.0
2025-10-06 21:37:35.012353420,1.277,0.0,
2025-10-06 21:37:35.262240171,,,168.0
2025-10-06 21:37:35.342772961,,,169.0
2025-10-06 21:37:35.462820053,,,170.0
2025-10-06 21:37:35.562942743,,,171.0
2025-10-06 21:37:35.417796135,1.309,0.0,
2025-10-06 21:37:35.683029413,,,172.0
2025-10-06 21:37:35.782773972,,,173.0
2025-10-06 21:37:35.912357092,,,174.0
2025-10-06 21:37:35.992354393,,,175.0
2025-10-06 21:37:35.818988323,1.335,0.0,
2025-10-06 21:37:36.123000145,,,176.0
2025-10-06 21:37:36.182774782,,,177.0
2025-10-06 21:37:36.312491417,,,178.0
2025-10-06 21:37:36.392465115,,,179.0
2025-10-06 21:37:36.223470688,1.365,0.0,
2025-10-06 21:37:36.512455702,,,180.0
2025-10-06 21:37:36.592777014,,,181.0
2025-10-06 21:37:36.712484837,,,182.0
2025-10-06 21:37:36.792469501,,,183.0
2025-10-06 21:37:36.628809452,1.394,0.0,
2025-10-06 21:37:36.912369728,,,184.0
2025-10-06 21:37:36.992777109,,,185.0
2025-10-06 21:37:37.122776270,,,186.0
2025-10-06 21:37:37.202466011,,,187.0
2025-10-06 21:37:37.033470631,1.424,0.0,
2025-10-06 21:37:37.322995901,,,188.0
2025-10-06 21:37:37.402996540,,,189.0
2025-10-06 21:37:37.532073735,,,190.0
2025-10-06 21:37:37.612848282,,,191.0
2025-10-06 21:37:37.449992418,1.45,0.0,
2025-10-06 21:37:37.742064476,,,192.0
2025-10-06 21:37:37.822467566,,,193.0
2025-10-06 21:37:37.942852020,,,194.0
2025-10-06 21:37:38.032779455,,,195.0
2025-10-06 21:37:37.854469538,1.484,0.0,
2025-10-06 21:37:38.152473927,,,196.0
2025-10-06 21:37:38.232122421,,,197.0
2025-10-06 21:37:38.363002777,,,198.0
2025-10-06 21:37:38.442639589,,,199.0
2025-10-06 21:37:38.260469675,1.513,0.0,
2025-10-06 21:37:38.562611103,,,200.0
2025-10-06 21:37:38.652780771,,,201.0
2025-10-06 21:37:38.772234440,,,202.0
2025-10-06 21:37:38.663483381,1.546,0.0,
2025-10-06 21:37:38.882546186,,,203.0
2025-10-06 21:37:39.012999773,,,204.0
2025-10-06 21:37:39.122780323,,,205.0
2025-10-06 21:37:39.242986441,,,206.0
2025-10-06 21:37:39.066992998,1.571,0.0,
2025-10-06 21:37:39.382781029,,,207.0
2025-10-06 21:37:39.482987881,,,208.0
2025-10-06 21:37:39.602154493,,,209.0
2025-10-06 21:37:39.473469496,1.6,0.0,
2025-10-06 21:37:39.682781696,,,210.0
2025-10-06 21:37:39.813022375,,,211.0
2025-10-06 21:37:39.892478704,,,212.0
2025-10-06 21:37:40.022781849,,,213.0
2025-10-06 21:37:39.878094196,1.632,0.0,
2025-10-06 21:37:40.102226973,,,214.0
2025-10-06 21:37:40.222853184,,,215.0
2025-10-06 21:37:40.302782774,,,216.0
2025-10-06 21:37:40.432784557,,,217.0
2025-10-06 21:37:40.295876503,1.663,0.0,
2025-10-06 21:37:40.512796164,,,218.0
2025-10-06 21:37:40.642783403,,,219.0
2025-10-06 21:37:40.722783566,,,220.0
2025-10-06 21:37:40.842993498,,,221.0
2025-10-06 21:37:40.713283777,1.692,0.0,
2025-10-06 21:37:40.922068596,,,222.0
2025-10-06 21:37:41.052785397,,,223.0
2025-10-06 21:37:41.132784843,,,224.0
2025-10-06 21:37:41.262441158,,,225.0
2025-10-06 21:37:41.118827105,1.723,0.0,
2025-10-06 21:37:41.342512131,,,226.0
2025-10-06 21:37:41.462512732,,,227.0
2025-10-06 21:37:41.552512407,,,228.0
2025-10-06 21:37:41.672515154,,,229.0
2025-10-06 21:37:41.524513244,1.755,0.0,
2025-10-06 21:37:41.752515793,,,230.0
2025-10-06 21:37:41.882513762,,,231.0
2025-10-06 21:37:41.962513924,,,232.0
2025-10-06 21:37:42.082513332,,,233.0
2025-10-06 21:37:41.932513237,1.767,0.0,
2025-10-06 21:37:42.172513247,,,234.0
2025-10-06 21:37:42.292515993,,,235.0
2025-10-06 21:37:42.372516394,,,236.0
2025-10-06 21:37:42.502513885,,,237.0
2025-10-06 21:37:42.347514153,1.808,0.0,
2025-10-06 21:37:42.582516670,,,238.0
2025-10-06 21:37:42.702517033,,,239.0
2025-10-06 21:37:42.792238951,,,240.0
2025-10-06 21:37:42.912582397,,,241.0
2025-10-06 21:37:42.758241177,1.837,0.0,
2025-10-06 21:37:42.992122173,,,242.0
2025-10-06 21:37:43.122788191,,,243.0
2025-10-06 21:37:43.202788353,,,244.0
2025-10-06 21:37:43.322994471,,,245.0
2025-10-06 21:37:43.167169094,1.872,0.0,
2025-10-06 21:37:43.412371874,,,246.0
2025-10-06 21:37:43.532790184,,,247.0
2025-10-06 21:37:43.612133265,,,248.0
2025-10-06 21:37:43.742789268,,,249.0
2025-10-06 21:37:43.576029539,1.896,0.0,
2025-10-06 21:37:43.822789669,,,250.0
2025-10-06 21:37:43.952925444,,,251.0
2025-10-06 21:37:44.032925128,,,252.0
2025-10-06 21:37:44.152852297,,,253.0
2025-10-06 21:37:43.980925083,1.932,0.0,
2025-10-06 21:37:44.242851496,,,254.0
2025-10-06 21:37:44.362852573,,,255.0
2025-10-06 21:37:44.452523470,,,256.0
2025-10-06 21:37:44.572792292,,,257.0
2025-10-06 21:37:44.393523693,1.967,0.0,
2025-10-06 21:37:44.652792692,,,258.0
2025-10-06 21:37:44.772966862,,,259.0
2025-10-06 21:37:44.862910032,,,260.0
2025-10-06 21:37:44.982864857,,,261.0
2025-10-06 21:37:44.801971197,1.996,0.0,
2025-10-06 21:37:45.062490702,,,262.0
2025-10-06 21:37:45.192468166,,,263.0
2025-10-06 21:37:45.272414207,,,264.0
2025-10-06 21:37:45.392470598,,,265.0
2025-10-06 21:37:45.207831383,2.029,0.0,
2025-10-06 21:37:45.482788324,,,266.0
2025-10-06 21:37:45.602857590,,,267.0
2025-10-06 21:37:45.682693481,,,268.0
2025-10-06 21:37:45.812793970,,,269.0
2025-10-06 21:37:45.614005566,2.055,0.0,
2025-10-06 21:37:45.892469406,,,270.0
2025-10-06 21:37:46.012988329,,,271.0
2025-10-06 21:37:46.102793932,,,272.0
2025-10-06 21:37:46.017304420,2.082,0.0,
2025-10-06 21:37:46.222768545,,,273.0
2025-10-06 21:37:46.302859068,,,274.0
2025-10-06 21:37:46.432470083,,,275.0
2025-10-06 21:37:46.512271643,,,276.0
2025-10-06 21:37:46.423469543,2.113,0.0,
2025-10-06 21:37:46.632196188,,,277.0
2025-10-06 21:37:46.722795486,,,278.0
2025-10-06 21:37:46.842988014,,,279.0
2025-10-06 21:37:46.932923317,,,280.0
2025-10-06 21:37:46.829059601,2.139,0.0,
2025-10-06 21:37:47.052797079,,,281.0
2025-10-06 21:37:47.142892599,,,282.0
2025-10-06 21:37:47.263008833,,,283.0
2025-10-06 21:37:47.342409134,,,284.0
2025-10-06 21:37:47.246862173,2.17,0.0,
2025-10-06 21:37:47.462305784,,,285.0
2025-10-06 21:37:47.552470922,,,286.0
2025-10-06 21:37:47.672472477,,,287.0
2025-10-06 21:37:47.762995005,,,288.0
2025-10-06 21:37:47.649520397,2.203,0.0,
2025-10-06 21:37:47.882991314,,,289.0
2025-10-06 21:37:47.962451696,,,290.0
2025-10-06 21:37:48.083005667,,,291.0
2025-10-06 21:37:48.172863960,,,292.0
2025-10-06 21:37:48.052468538,2.232,0.0,
2025-10-06 21:37:48.302467823,,,293.0
2025-10-06 21:37:48.382799149,,,294.0
2025-10-06 21:37:48.512800455,,,295.0
2025-10-06 21:37:48.583013058,,,296.0
2025-10-06 21:37:48.457990408,2.265,0.0,
2025-10-06 21:37:48.703005075,,,297.0
2025-10-06 21:37:48.792466402,,,298.0
2025-10-06 21:37:48.912796497,,,299.0
2025-10-06 21:37:48.992800951,,,300.0
2025-10-06 21:37:48.860506058,2.291,0.0,
2025-10-06 21:37:49.122907162,,,301.0
2025-10-06 21:37:49.203015327,,,302.0
2025-10-06 21:37:49.332469225,,,303.0
2025-10-06 21:37:49.412801743,,,304.0
2025-10-06 21:37:49.266808747,2.317,0.0,
2025-10-06 21:37:49.532802342,,,305.0
2025-10-06 21:37:49.613116264,,,306.0
2025-10-06 21:37:49.742974997,,,307.0
2025-10-06 21:37:49.822801352,,,308.0
2025-10-06 21:37:49.671695709,2.348,0.0,
2025-10-06 21:37:49.952470303,,,309.0
2025-10-06 21:37:50.032293081,,,310.0
2025-10-06 21:37:50.152466536,,,311.0
2025-10-06 21:37:50.232155800,,,312.0
2025-10-06 21:37:50.075628996,2.378,0.0,
2025-10-06 21:37:50.362740517,,,313.0
2025-10-06 21:37:50.442802429,,,314.0
2025-10-06 21:37:50.572129488,,,315.0
2025-10-06 21:37:50.663048744,,,316.0
2025-10-06 21:37:50.482464790,2.411,0.0,
2025-10-06 21:37:50.782499790,,,317.0
2025-10-06 21:37:50.872469664,,,318.0
2025-10-06 21:37:51.003010273,,,319.0
2025-10-06 21:37:51.082532644,,,320.0
2025-10-06 21:37:50.888500452,2.439,0.0,
2025-10-06 21:37:51.202804327,,,321.0
2025-10-06 21:37:51.282470465,,,322.0
2025-10-06 21:37:51.402988911,,,323.0
2025-10-06 21:37:51.492805958,,,324.0
2025-10-06 21:37:51.291778326,2.471,0.0,
2025-10-06 21:37:51.622804880,,,325.0
2025-10-06 21:37:51.713004827,,,326.0
2025-10-06 21:37:51.842805147,,,327.0
2025-10-06 21:37:51.697706938,2.497,0.0,
2025-10-06 21:37:51.902805567,,,328.0
2025-10-06 21:37:52.033008099,,,329.0
2025-10-06 21:37:52.112419844,,,330.0
2025-10-06 21:37:52.232467175,,,331.0
2025-10-06 21:37:52.099889040,2.529,0.0,
2025-10-06 21:37:52.312492847,,,332.0
2025-10-06 21:37:52.432552338,,,333.0
2025-10-06 21:37:52.513048171,,,334.0
2025-10-06 21:37:52.632568359,,,335.0
2025-10-06 21:37:52.506987095,2.556,0.0,
2025-10-06 21:37:52.722807407,,,336.0
2025-10-06 21:37:52.843019485,,,337.0
2025-10-06 21:37:52.932808876,,,338.0
2025-10-06 21:37:53.052987337,,,339.0
2025-10-06 21:37:52.912076950,2.587,0.0,
2025-10-06 21:37:53.142807961,,,340.0
2025-10-06 21:37:53.263001680,,,341.0
2025-10-06 21:37:53.342469215,,,342.0
2025-10-06 21:37:53.462871313,,,343.0
2025-10-06 21:37:53.314440727,2.615,0.0,
2025-10-06 21:37:53.542873383,,,344.0
2025-10-06 21:37:53.672478914,,,345.0
2025-10-06 21:37:53.752470732,,,346.0
2025-10-06 21:37:53.882941246,,,347.0
2025-10-06 21:37:53.721991777,2.648,0.0,
2025-10-06 21:37:53.962985277,,,348.0
2025-10-06 21:37:54.082658291,,,349.0
2025-10-06 21:37:54.173010111,,,350.0
2025-10-06 21:37:54.292810678,,,351.0
2025-10-06 21:37:54.125037669,2.676,0.0,
2025-10-06 21:37:54.372811556,,,352.0
2025-10-06 21:37:54.502468109,,,353.0
2025-10-06 21:37:54.592466354,,,354.0
2025-10-06 21:37:54.713015318,,,355.0
2025-10-06 21:37:54.530583620,2.704,0.0,
2025-10-06 21:37:54.792469740,,,356.0
2025-10-06 21:37:54.912852764,,,357.0
2025-10-06 21:37:55.002350807,,,358.0
2025-10-06 21:37:55.122469664,,,359.0
2025-10-06 21:37:54.937986135,2.734,0.0,
2025-10-06 21:37:55.202811956,,,360.0
2025-10-06 21:37:55.322995663,,,361.0
2025-10-06 21:37:55.413040161,,,362.0
2025-10-06 21:37:55.532084464,,,363.0
2025-10-06 21:37:55.340139627,2.762,0.0,
2025-10-06 21:37:55.622474909,,,364.0
2025-10-06 21:37:55.742813110,,,365.0
2025-10-06 21:37:55.822463512,,,366.0
2025-10-06 21:37:55.746362686,2.794,0.0,
2025-10-06 21:37:55.952814579,,,367.0
2025-10-06 21:37:56.032815218,,,368.0
2025-10-06 21:37:56.152466774,,,369.0
2025-10-06 21:37:56.242216349,,,370.0
2025-10-06 21:37:56.148560286,2.823,0.0,
2025-10-06 21:37:56.363021851,,,371.0
2025-10-06 21:37:56.442744732,,,372.0
2025-10-06 21:37:56.572796822,,,373.0
2025-10-06 21:37:56.652816057,,,374.0
2025-10-06 21:37:56.553477049,2.854,0.0,
2025-10-06 21:37:56.782961607,,,375.0
2025-10-06 21:37:56.862996817,,,376.0
2025-10-06 21:37:56.982860565,,,377.0
2025-10-06 21:37:57.062397718,,,378.0
2025-10-06 21:37:56.957182884,2.882,0.0,
2025-10-06 21:37:57.192802906,,,379.0
2025-10-06 21:37:57.272467136,,,380.0
2025-10-06 21:37:57.402987480,,,381.0
2025-10-06 21:37:57.492817879,,,382.0
2025-10-06 21:37:57.363064051,2.914,0.0,
2025-10-06 21:37:57.612991810,,,383.0
2025-10-06 21:37:57.692230940,,,384.0
2025-10-06 21:37:57.813060760,,,385.0
2025-10-06 21:37:57.893082380,,,386.0
2025-10-06 21:37:57.765430689,2.94,0.0,
2025-10-06 21:37:58.022817612,,,387.0
2025-10-06 21:37:58.102817774,,,388.0
2025-10-06 21:37:58.222625732,,,389.0
2025-10-06 21:37:58.312666655,,,390.0
2025-10-06 21:37:58.170988083,2.973,0.0,
2025-10-06 21:37:58.432819605,,,391.0
2025-10-06 21:37:58.512157917,,,392.0
2025-10-06 21:37:58.642819166,,,393.0
2025-10-06 21:37:58.722819090,,,394.0
2025-10-06 21:37:58.577642918,3.001,0.0,
2025-10-06 21:37:58.852820396,,,395.0
2025-10-06 21:37:58.932470322,,,396.0
2025-10-06 21:37:59.052446365,,,397.0
2025-10-06 21:37:59.142819643,,,398.0
2025-10-06 21:37:58.978085518,3.031,0.0,
2025-10-06 21:37:59.263014077,,,399.0
2025-10-06 21:37:59.342820168,,,400.0
2025-10-06 21:37:59.473014116,,,401.0
2025-10-06 21:37:59.552910566,,,402.0
2025-10-06 21:37:59.381877422,3.061,0.0,
2025-10-06 21:37:59.672466278,,,403.0
2025-10-06 21:37:59.752905846,,,404.0
2025-10-06 21:37:59.882986069,,,405.0
2025-10-06 21:37:59.963014603,,,406.0
2025-10-06 21:37:59.788200617,3.088,0.0,
2025-10-06 21:38:00.092464209,,,407.0
2025-10-06 21:38:00.172822952,,,408.0
2025-10-06 21:38:00.292823315,,,409.0
2025-10-06 21:38:00.392466068,,,410.0
2025-10-06 21:38:00.195556641,3.118,0.0,
2025-10-06 21:38:00.513066292,,,411.0
2025-10-06 21:38:00.612823248,,,412.0
2025-10-06 21:38:00.742968798,,,413.0
2025-10-06 21:38:00.599766016,3.149,0.0,
2025-10-06 21:38:00.832465887,,,414.0
2025-10-06 21:38:00.962823391,,,415.0
2025-10-06 21:38:01.132496357,,,416.0
2025-10-06 21:38:01.004994392,3.183,0.0,
2025-10-06 21:38:01.212996960,,,417.0
2025-10-06 21:38:01.323094606,,,418.0
2025-10-06 21:38:01.412490606,,,419.0
2025-10-06 21:38:01.542824268,,,420.0
2025-10-06 21:38:01.409356117,3.2,0.0,
2025-10-06 21:38:01.622824669,,,421.0
2025-10-06 21:38:01.742677450,,,422.0
2025-10-06 21:38:01.832470179,,,423.0
2025-10-06 21:38:01.952184439,,,424.0
2025-10-06 21:38:01.812070847,3.237,0.0,
2025-10-06 21:38:02.032319545,,,425.0
2025-10-06 21:38:02.152319431,,,426.0
2025-10-06 21:38:02.242319822,,,427.0
2025-10-06 21:38:02.362403393,,,428.0
2025-10-06 21:38:02.221321821,3.267,0.0,
2025-10-06 21:38:02.452810764,,,429.0
2025-10-06 21:38:02.572506428,,,430.0
2025-10-06 21:38:02.652506590,,,431.0
2025-10-06 21:38:02.783063650,,,432.0
2025-10-06 21:38:02.632506371,3.298,0.0,
2025-10-06 21:38:02.863070250,,,433.0
2025-10-06 21:38:02.982808590,,,434.0
2025-10-06 21:38:03.062809228,,,435.0
2025-10-06 21:38:03.192469358,,,436.0
2025-10-06 21:38:03.039809465,3.324,0.0,
2025-10-06 21:38:03.272466660,,,437.0
2025-10-06 21:38:03.402967691,,,438.0
2025-10-06 21:38:03.482748508,,,439.0
2025-10-06 21:38:03.602387905,,,440.0
2025-10-06 21:38:03.446291924,3.357,0.0,
2025-10-06 21:38:03.692899466,,,441.0
2025-10-06 21:38:03.812902927,,,442.0
2025-10-06 21:38:03.902829170,,,443.0
2025-10-06 21:38:04.032830715,,,444.0
2025-10-06 21:38:03.849989176,3.384,0.0,
2025-10-06 21:38:04.112436056,,,445.0
2025-10-06 21:38:04.242829800,,,446.0
2025-10-06 21:38:04.322736740,,,447.0
2025-10-06 21:38:04.442480564,,,448.0
2025-10-06 21:38:04.254470825,3.416,0.0,
2025-10-06 21:38:04.522997618,,,449.0
2025-10-06 21:38:04.652831793,,,450.0
2025-10-06 21:38:04.722958803,,,451.0
2025-10-06 21:38:04.842997074,,,452.0
2025-10-06 21:38:04.657840490,3.444,0.0,
2025-10-06 21:38:04.932832241,,,453.0
2025-10-06 21:38:05.052410603,,,454.0
2025-10-06 21:38:05.132460833,,,455.0
2025-10-06 21:38:05.263006210,,,456.0
2025-10-06 21:38:05.065194607,3.477,0.0,
2025-10-06 21:38:05.342832565,,,457.0
2025-10-06 21:38:05.472834110,,,458.0
2025-10-06 21:38:05.552896500,,,459.0
2025-10-06 21:38:05.672466993,,,460.0
2025-10-06 21:38:05.470051765,3.503,0.0,
2025-10-06 21:38:05.763034344,,,461.0
2025-10-06 21:38:05.882746220,,,462.0
2025-10-06 21:38:05.962390423,,,463.0
2025-10-06 21:38:05.876052618,3.533,0.0,
2025-10-06 21:38:06.092834473,,,464.0
2025-10-06 21:38:06.172898769,,,465.0
2025-10-06 21:38:06.292906284,,,466.0
2025-10-06 21:38:06.382833958,,,467.0
2025-10-06 21:38:06.280982733,3.56,0.0,
2025-10-06 21:38:06.502834082,,,468.0
2025-10-06 21:38:06.582834721,,,469.0
2025-10-06 21:38:06.712420464,,,470.0
2025-10-06 21:38:06.792582512,,,471.0
2025-10-06 21:38:06.683035374,3.591,0.0,
2025-10-06 21:38:06.922838688,,,472.0
2025-10-06 21:38:07.002993822,,,473.0
2025-10-06 21:38:07.122835398,,,474.0
2025-10-06 21:38:07.213013411,,,475.0
2025-10-06 21:38:07.086842299,3.62,0.0,
2025-10-06 21:38:07.332837343,,,476.0
2025-10-06 21:38:07.412421465,,,477.0
2025-10-06 21:38:07.542466879,,,478.0
2025-10-06 21:38:07.622836113,,,479.0
2025-10-06 21:38:07.490324974,3.647,0.0,
2025-10-06 21:38:07.742836952,,,480.0
2025-10-06 21:38:07.832470417,,,481.0
2025-10-06 21:38:07.952829599,,,482.0
2025-10-06 21:38:08.032838344,,,483.0
2025-10-06 21:38:07.905553818,3.68,0.0,
2025-10-06 21:38:08.162837505,,,484.0
2025-10-06 21:38:08.242470980,,,485.0
2025-10-06 21:38:08.362483740,,,486.0
2025-10-06 21:38:08.452839613,,,487.0
2025-10-06 21:38:08.310484409,3.713,0.0,
2025-10-06 21:38:08.571955681,,,488.0
2025-10-06 21:38:08.652862310,,,489.0
2025-10-06 21:38:08.782992840,,,490.0
2025-10-06 21:38:08.863007545,,,491.0
2025-10-06 21:38:08.715897560,3.742,0.0,
2025-10-06 21:38:08.992920876,,,492.0
2025-10-06 21:38:09.072840691,,,493.0
2025-10-06 21:38:09.192473888,,,494.0
2025-10-06 21:38:09.272554398,,,495.0
2025-10-06 21:38:09.131485224,3.774,0.0,
2025-10-06 21:38:09.402990580,,,496.0
2025-10-06 21:38:09.482990026,,,497.0
2025-10-06 21:38:09.602840424,,,498.0
2025-10-06 21:38:09.692434549,,,499.0
2025-10-06 21:38:09.536028623,3.806,0.0,
2025-10-06 21:38:09.813082218,,,500.0
2025-10-06 21:38:09.902840853,,,501.0
2025-10-06 21:38:10.022840977,,,502.0
2025-10-06 21:38:10.102841139,,,503.0
2025-10-06 21:38:09.938882828,3.835,0.0,
2025-10-06 21:38:10.232469320,,,504.0
2025-10-06 21:38:10.312430620,,,505.0
2025-10-06 21:38:10.432843447,,,506.0
2025-10-06 21:38:10.522991657,,,507.0
2025-10-06 21:38:10.344076872,3.86,0.0,
2025-10-06 21:38:10.652978659,,,508.0
2025-10-06 21:38:10.722196341,,,509.0
2025-10-06 21:38:10.842994452,,,510.0
2025-10-06 21:38:10.932843924,,,511.0
2025-10-06 21:38:10.748346329,3.894,0.0,
2025-10-06 21:38:11.052844763,,,512.0
2025-10-06 21:38:11.142909288,,,513.0
2025-10-06 21:38:11.262275696,,,514.0
2025-10-06 21:38:11.342818260,,,515.0
2025-10-06 21:38:11.155191183,3.923,0.0,
2025-10-06 21:38:11.473008871,,,516.0
2025-10-06 21:38:11.552487612,,,517.0
2025-10-06 21:38:11.672471762,,,518.0
2025-10-06 21:38:11.559487820,3.952,0.0,
2025-10-06 21:38:11.762440205,,,519.0
2025-10-06 21:38:11.882985115,,,520.0
2025-10-06 21:38:11.962985992,,,521.0
2025-10-06 21:38:12.092847109,,,522.0
2025-10-06 21:38:11.962985992,3.981,0.0,
2025-10-06 21:38:12.172846556,,,523.0
2025-10-06 21:38:12.292846918,,,524.0
2025-10-06 21:38:12.422845840,,,525.0
2025-10-06 21:38:12.542846203,,,526.0
2025-10-06 21:38:12.368942022,4.009,0.0,
2025-10-06 21:38:12.642846107,,,527.0
2025-10-06 21:38:12.762858868,,,528.0
2025-10-06 21:38:12.822846889,,,529.0
2025-10-06 21:38:12.942943573,,,530.0
2025-10-06 21:38:12.774479866,4.039,0.0,
2025-10-06 21:38:13.012488604,,,531.0
2025-10-06 21:38:13.142847061,,,532.0
2025-10-06 21:38:13.242263317,,,533.0
2025-10-06 21:38:13.372467518,,,534.0
2025-10-06 21:38:13.178996325,4.066,0.0,
2025-10-06 21:38:13.482467175,,,535.0
2025-10-06 21:38:13.602472305,,,536.0
2025-10-06 21:38:13.692526579,,,537.0
2025-10-06 21:38:13.586472273,4.097,0.0,
2025-10-06 21:38:13.812639952,,,538.0
2025-10-06 21:38:13.932801247,,,539.0
2025-10-06 21:38:14.032803297,,,540.0
2025-10-06 21:38:14.162798882,,,541.0
2025-10-06 21:38:13.999801397,4.128,0.0,
2025-10-06 21:38:14.242798805,,,542.0
2025-10-06 21:38:14.363139629,,,543.0
2025-10-06 21:38:14.452142000,,,544.0
2025-10-06 21:38:14.573139906,,,545.0
2025-10-06 21:38:14.409141779,4.154,0.0,
2025-10-06 21:38:14.662140608,,,546.0
2025-10-06 21:38:14.782989979,,,547.0
2025-10-06 21:38:14.862990856,,,548.0
2025-10-06 21:38:14.992471218,,,549.0
2025-10-06 21:38:14.821987867,4.187,0.0,
2025-10-06 21:38:15.072660446,,,550.0
2025-10-06 21:38:15.192469597,,,551.0
2025-10-06 21:38:15.272470236,,,552.0
2025-10-06 21:38:15.402935505,,,553.0
2025-10-06 21:38:15.226266861,4.215,0.0,
2025-10-06 21:38:15.482959032,,,554.0
2025-10-06 21:38:15.612473488,,,555.0
2025-10-06 21:38:15.692470074,,,556.0
2025-10-06 21:38:15.823093414,,,557.0
2025-10-06 21:38:15.631066799,4.248,0.0,
2025-10-06 21:38:15.903093100,,,558.0
2025-10-06 21:38:16.022322416,,,559.0
2025-10-06 21:38:16.102320433,,,560.0
2025-10-06 21:38:16.232849598,,,561.0
2025-10-06 21:38:16.035320520,4.276,0.0,
2025-10-06 21:38:16.312847853,,,562.0
2025-10-06 21:38:16.432939053,,,563.0
2025-10-06 21:38:16.522988081,,,564.0
2025-10-06 21:38:16.642853975,,,565.0
2025-10-06 21:38:16.445937872,4.307,0.0,
2025-10-06 21:38:16.722373009,,,566.0
2025-10-06 21:38:16.852478981,,,567.0
2025-10-06 21:38:16.932345390,,,568.0
2025-10-06 21:38:16.851472378,4.334,0.0,
2025-10-06 21:38:17.053003788,,,569.0
2025-10-06 21:38:17.142468214,,,570.0
2025-10-06 21:38:17.262278795,,,571.0
2025-10-06 21:38:17.342855692,,,572.0
2025-10-06 21:38:17.267234802,4.368,0.0,
2025-10-06 21:38:17.472856283,,,573.0
2025-10-06 21:38:17.552857399,,,574.0
2025-10-06 21:38:17.672279596,,,575.0
2025-10-06 21:38:17.762469053,,,576.0
2025-10-06 21:38:17.671272278,4.395,0.0,
2025-10-06 21:38:17.882122517,,,577.0
2025-10-06 21:38:17.972858191,,,578.0
2025-10-06 21:38:18.092997789,,,579.0
2025-10-06 21:38:18.172924757,,,580.0
2025-10-06 21:38:18.075476408,4.428,0.0,
2025-10-06 21:38:18.292934895,,,581.0
2025-10-06 21:38:18.382858276,,,582.0
2025-10-06 21:38:18.502858400,,,583.0
2025-10-06 21:38:18.582858324,,,584.0
2025-10-06 21:38:18.479492188,4.455,0.0,
2025-10-06 21:38:18.712445974,,,585.0
2025-10-06 21:38:18.802858353,,,586.0
2025-10-06 21:38:18.922858715,,,587.0
2025-10-06 21:38:19.002989054,,,588.0
2025-10-06 21:38:18.884285927,4.487,0.0,
2025-10-06 21:38:19.132467270,,,589.0
2025-10-06 21:38:19.212194443,,,590.0
2025-10-06 21:38:19.332860708,,,591.0
2025-10-06 21:38:19.412814856,,,592.0
2025-10-06 21:38:19.288918018,4.512,0.0,
2025-10-06 21:38:19.542859793,,,593.0
2025-10-06 21:38:19.622859716,,,594.0
2025-10-06 21:38:19.742376089,,,595.0
2025-10-06 21:38:19.832467318,,,596.0
2025-10-06 21:38:19.707446337,4.546,0.0,
2025-10-06 21:38:19.952819109,,,597.0
2025-10-06 21:38:20.042995453,,,598.0
2025-10-06 21:38:20.162492514,,,599.0
2025-10-06 21:38:20.252861500,,,600.0
2025-10-06 21:38:20.114892721,4.575,0.0,
2025-10-06 21:38:20.372862816,,,601.0
2025-10-06 21:38:20.452862978,,,602.0
2025-10-06 21:38:20.572634935,,,603.0
2025-10-06 21:38:20.652863503,,,604.0
2025-10-06 21:38:20.520424604,4.603,0.0,
2025-10-06 21:38:20.782234192,,,605.0
2025-10-06 21:38:20.863140106,,,606.0
2025-10-06 21:38:20.992863894,,,607.0
2025-10-06 21:38:21.072931290,,,608.0
2025-10-06 21:38:20.922989607,4.629,0.0,
2025-10-06 21:38:21.192470551,,,609.0
2025-10-06 21:38:21.272467852,,,610.0
2025-10-06 21:38:21.403118610,,,611.0
2025-10-06 21:38:21.492864847,,,612.0
2025-10-06 21:38:21.328433990,4.661,0.0,
2025-10-06 21:38:21.612484932,,,613.0
2025-10-06 21:38:21.692865610,,,614.0
2025-10-06 21:38:21.812448025,,,615.0
2025-10-06 21:38:21.902864456,,,616.0
2025-10-06 21:38:21.757329941,4.69,0.0,
2025-10-06 21:38:22.022864819,,,617.0
2025-10-06 21:38:22.102438927,,,618.0
2025-10-06 21:38:22.232464314,,,619.0
2025-10-06 21:38:22.313031435,,,620.0
2025-10-06 21:38:22.158868074,4.717,0.0,
2025-10-06 21:38:22.432867050,,,621.0
2025-10-06 21:38:22.522985697,,,622.0
2025-10-06 21:38:22.643016815,,,623.0
2025-10-06 21:38:22.732984781,,,624.0
2025-10-06 21:38:22.563478470,4.748,0.0,
2025-10-06 21:38:22.852867603,,,625.0
2025-10-06 21:38:22.932867527,,,626.0
2025-10-06 21:38:23.063201904,,,627.0
2025-10-06 21:38:23.143120289,,,628.0
2025-10-06 21:38:22.969985962,4.776,0.0,
2025-10-06 21:38:23.262278557,,,629.0
2025-10-06 21:38:23.352464676,,,630.0
2025-10-06 21:38:23.472868919,,,631.0
2025-10-06 21:38:23.552869081,,,632.0
2025-10-06 21:38:23.376005173,4.809,0.0,
2025-10-06 21:38:23.682868004,,,633.0
2025-10-06 21:38:23.762477398,,,634.0
2025-10-06 21:38:23.892459869,,,635.0
2025-10-06 21:38:23.972869873,,,636.0
2025-10-06 21:38:23.778773069,4.838,0.0,
2025-10-06 21:38:24.092777491,,,637.0
2025-10-06 21:38:24.172869921,,,638.0
2025-10-06 21:38:24.292466164,,,639.0
2025-10-06 21:38:24.382869482,,,640.0
2025-10-06 21:38:24.183864355,4.87,0.0,
2025-10-06 21:38:24.512863635,,,641.0
2025-10-06 21:38:24.592952728,,,642.0
2025-10-06 21:38:24.712449312,,,643.0
2025-10-06 21:38:24.792465687,,,644.0
2025-10-06 21:38:24.602994919,4.9,0.0,
2025-10-06 21:38:24.923083067,,,645.0
2025-10-06 21:38:25.003136873,,,646.0
2025-10-06 21:38:25.133163928,,,647.0
2025-10-06 21:38:25.212976933,,,648.0
2025-10-06 21:38:25.021048069,4.932,0.0,
2025-10-06 21:38:25.332872391,,,649.0
2025-10-06 21:38:25.412275791,,,650.0
2025-10-06 21:38:25.542427301,,,651.0
2025-10-06 21:38:25.622335672,,,652.0
2025-10-06 21:38:25.424764633,4.956,0.0,
2025-10-06 21:38:25.752326488,,,653.0
2025-10-06 21:38:25.832470417,,,654.0
2025-10-06 21:38:25.952470303,,,655.0
2025-10-06 21:38:25.829309225,4.992,0.0,
2025-10-06 21:38:26.042985916,,,656.0
2025-10-06 21:38:26.162297249,,,657.0
2025-10-06 21:38:26.243053913,,,658.0
2025-10-06 21:38:26.362490654,,,659.0
2025-10-06 21:38:26.234470844,5.019,0.0,
2025-10-06 21:38:26.452464581,,,660.0
2025-10-06 21:38:26.572875023,,,661.0
2025-10-06 21:38:26.662441730,,,662.0
2025-10-06 21:38:26.782949686,,,663.0
2025-10-06 21:38:26.638730764,5.05,0.0,
2025-10-06 21:38:26.872468472,,,664.0
2025-10-06 21:38:26.993067503,,,665.0
2025-10-06 21:38:27.072875738,,,666.0
2025-10-06 21:38:27.192470312,,,667.0
2025-10-06 21:38:27.046096087,5.077,0.0,
2025-10-06 21:38:27.272466183,,,668.0
2025-10-06 21:38:27.402999640,,,669.0
2025-10-06 21:38:27.482875586,,,670.0
2025-10-06 21:38:27.612107754,,,671.0
2025-10-06 21:38:27.449986935,5.112,0.0,
2025-10-06 21:38:27.693105936,,,672.0
2025-10-06 21:38:27.812951803,,,673.0
2025-10-06 21:38:27.902471542,,,674.0
2025-10-06 21:38:28.022876740,,,675.0
2025-10-06 21:38:27.856951237,5.14,0.0,
2025-10-06 21:38:28.112446308,,,676.0
2025-10-06 21:38:28.232491493,,,677.0
2025-10-06 21:38:28.313065290,,,678.0
2025-10-06 21:38:28.432878494,,,679.0
2025-10-06 21:38:28.260628700,5.173,0.0,
2025-10-06 21:38:28.522995234,,,680.0
2025-10-06 21:38:28.642134428,,,681.0
2025-10-06 21:38:28.722877979,,,682.0
2025-10-06 21:38:28.852879286,,,683.0
2025-10-06 21:38:28.664145470,5.2,0.0,
2025-10-06 21:38:28.932750225,,,684.0
2025-10-06 21:38:29.062878609,,,685.0
2025-10-06 21:38:29.142878771,,,686.0
2025-10-06 21:38:29.262280703,,,687.0
2025-10-06 21:38:29.066992998,5.229,0.0,
2025-10-06 21:38:29.352465391,,,688.0
2025-10-06 21:38:29.472463846,,,689.0
2025-10-06 21:38:29.552949905,,,690.0
2025-10-06 21:38:29.473466635,5.253,0.0,
2025-10-06 21:38:29.682881355,,,691.0
2025-10-06 21:38:29.762922287,,,692.0
2025-10-06 21:38:29.882994175,,,693.0
2025-10-06 21:38:29.972467661,,,694.0
2025-10-06 21:38:29.879994869,5.284,0.0,
2025-10-06 21:38:30.092438459,,,695.0
2025-10-06 21:38:30.182880878,,,696.0
2025-10-06 21:38:30.302947044,,,697.0
2025-10-06 21:38:30.382827044,,,698.0
2025-10-06 21:38:30.284470558,5.312,0.0,
2025-10-06 21:38:30.502443552,,,699.0
2025-10-06 21:38:30.592882633,,,700.0
2025-10-06 21:38:30.712476969,,,701.0
2025-10-06 21:38:30.793470621,,,702.0
2025-10-06 21:38:30.688304424,5.344,0.0,
2025-10-06 21:38:30.923354626,,,703.0
2025-10-06 21:38:31.003881216,,,704.0
2025-10-06 21:38:31.133881330,,,705.0
2025-10-06 21:38:31.213486671,,,706.0
2025-10-06 21:38:31.105478287,5.37,0.0,
2025-10-06 21:38:31.343472719,,,707.0
2025-10-06 21:38:31.423882008,,,708.0
2025-10-06 21:38:31.543436289,,,709.0
2025-10-06 21:38:31.623882532,,,710.0
2025-10-06 21:38:31.510189056,5.398,0.0,
2025-10-06 21:38:31.753471375,,,711.0
2025-10-06 21:38:31.833477020,,,712.0
2025-10-06 21:38:31.953972340,,,713.0
2025-10-06 21:38:32.044111967,,,714.0
2025-10-06 21:38:31.913943052,5.428,0.0,
2025-10-06 21:38:32.162585497,,,715.0
2025-10-06 21:38:32.242293358,,,716.0
2025-10-06 21:38:32.372562408,,,717.0
2025-10-06 21:38:32.452886581,,,718.0
2025-10-06 21:38:32.319051743,5.461,0.0,
2025-10-06 21:38:32.572886705,,,719.0
2025-10-06 21:38:32.662233591,,,720.0
2025-10-06 21:38:32.783082962,,,721.0
2025-10-06 21:38:32.863005161,,,722.0
2025-10-06 21:38:32.720601559,5.49,0.0,
2025-10-06 21:38:32.992887497,,,723.0
2025-10-06 21:38:33.072956085,,,724.0
2025-10-06 21:38:33.203142881,,,725.0
2025-10-06 21:38:33.282339096,,,726.0
2025-10-06 21:38:33.123470068,5.518,0.0,
2025-10-06 21:38:33.402996302,,,727.0
2025-10-06 21:38:33.482900620,,,728.0
2025-10-06 21:38:33.613003016,,,729.0
2025-10-06 21:38:33.692964792,,,730.0
2025-10-06 21:38:33.527094364,5.549,0.0,
2025-10-06 21:38:33.812889814,,,731.0
2025-10-06 21:38:33.902382135,,,732.0
2025-10-06 21:38:34.022470951,,,733.0
2025-10-06 21:38:34.113015890,,,734.0
2025-10-06 21:38:33.944478989,5.583,0.0,
2025-10-06 21:38:34.233081102,,,735.0
2025-10-06 21:38:34.312980413,,,736.0
2025-10-06 21:38:34.432754517,,,737.0
2025-10-06 21:38:34.522984982,,,738.0
2025-10-06 21:38:34.350825310,5.609,0.0,
2025-10-06 21:38:34.642889977,,,739.0
2025-10-06 21:38:34.732891321,,,740.0
2025-10-06 21:38:34.862893820,,,741.0
2025-10-06 21:38:34.933138847,,,742.0
2025-10-06 21:38:34.757547617,5.642,0.0,
2025-10-06 21:38:35.053086042,,,743.0
2025-10-06 21:38:35.142890453,,,744.0
2025-10-06 21:38:35.263248444,,,745.0
2025-10-06 21:38:35.352466583,,,746.0
2025-10-06 21:38:35.159745932,5.668,0.0,
2025-10-06 21:38:35.472892523,,,747.0
2025-10-06 21:38:35.552892685,,,748.0
2025-10-06 21:38:35.682892084,,,749.0
2025-10-06 21:38:35.762894869,,,750.0
2025-10-06 21:38:35.561995029,5.696,0.0,
2025-10-06 21:38:35.883107424,,,751.0
2025-10-06 21:38:35.972893715,,,752.0
2025-10-06 21:38:36.092558861,,,753.0
2025-10-06 21:38:35.969295263,5.726,0.0,
2025-10-06 21:38:36.172893763,,,754.0
2025-10-06 21:38:36.302893162,,,755.0
2025-10-06 21:38:36.382893324,,,756.0
2025-10-06 21:38:36.513137817,,,757.0
2025-10-06 21:38:36.372467279,5.76,0.0,
2025-10-06 21:38:36.592468500,,,758.0
2025-10-06 21:38:36.712808132,,,759.0
2025-10-06 21:38:36.792469740,,,760.0
2025-10-06 21:38:36.922468901,,,761.0
2025-10-06 21:38:36.777801514,5.792,0.0,
2025-10-06 21:38:37.013161898,,,762.0
2025-10-06 21:38:37.132895708,,,763.0
2025-10-06 21:38:37.212760687,,,764.0
2025-10-06 21:38:37.342894554,,,765.0
2025-10-06 21:38:37.182052135,5.821,0.0,
2025-10-06 21:38:37.422436714,,,766.0
2025-10-06 21:38:37.542466879,,,767.0
2025-10-06 21:38:37.622961998,,,768.0
2025-10-06 21:38:37.752432823,,,769.0
2025-10-06 21:38:37.589556694,5.851,0.0,
2025-10-06 21:38:37.832459211,,,770.0
2025-10-06 21:38:37.953061342,,,771.0
2025-10-06 21:38:38.043094873,,,772.0
2025-10-06 21:38:38.163138390,,,773.0
2025-10-06 21:38:37.993031502,5.882,0.0,
2025-10-06 21:38:38.252898216,,,774.0
2025-10-06 21:38:38.372898102,,,775.0
2025-10-06 21:38:38.482896090,,,776.0
2025-10-06 21:38:38.396474600,5.912,0.0,
2025-10-06 21:38:38.612670660,,,777.0
2025-10-06 21:38:38.682443857,,,778.0
2025-10-06 21:38:38.802224398,,,779.0
2025-10-06 21:38:38.882996559,,,780.0
2025-10-06 21:38:38.801220655,5.941,0.0,
2025-10-06 21:38:39.012149096,,,781.0
2025-10-06 21:38:39.083174944,,,782.0
2025-10-06 21:38:39.202898741,,,783.0
2025-10-06 21:38:39.282728910,,,784.0
2025-10-06 21:38:39.204216242,5.974,0.0,
2025-10-06 21:38:39.412290335,,,785.0
2025-10-06 21:38:39.492900372,,,786.0
2025-10-06 21:38:39.612992764,,,787.0
2025-10-06 21:38:39.692900896,,,788.0
2025-10-06 21:38:39.608986616,5.998,0.0,
2025-10-06 21:38:39.822899818,,,789.0
2025-10-06 21:38:39.902899981,,,790.0
2025-10-06 21:38:40.032901287,,,791.0
2025-10-06 21:38:40.112440586,,,792.0
2025-10-06 21:38:40.012991428,6.027,0.0,
2025-10-06 21:38:40.232452154,,,793.0
2025-10-06 21:38:40.322474718,,,794.0
2025-10-06 21:38:40.442992926,,,795.0
2025-10-06 21:38:40.522988319,,,796.0
2025-10-06 21:38:40.416021109,6.056,0.0,
2025-10-06 21:38:40.642901182,,,797.0
2025-10-06 21:38:40.732903242,,,798.0
2025-10-06 21:38:40.852903128,,,799.0
2025-10-06 21:38:40.943099737,,,800.0
2025-10-06 21:38:40.817991018,6.082,0.0,
2025-10-06 21:38:41.063087939,,,801.0
2025-10-06 21:38:41.142468452,,,802.0
2025-10-06 21:38:41.262902974,,,803.0
2025-10-06 21:38:41.352463722,,,804.0
2025-10-06 21:38:41.225003481,6.115,0.0,
2025-10-06 21:38:41.472904205,,,805.0
2025-10-06 21:38:41.562503099,,,806.0
2025-10-06 21:38:41.682903767,,,807.0
2025-10-06 21:38:41.763069630,,,808.0
2025-10-06 21:38:41.629000664,6.142,0.0,
2025-10-06 21:38:41.892549992,,,809.0
2025-10-06 21:38:41.972970009,,,810.0
2025-10-06 21:38:42.092468023,,,811.0
2025-10-06 21:38:42.182812691,,,812.0
2025-10-06 21:38:42.046757936,6.174,0.0,
2025-10-06 21:38:42.302904844,,,813.0
2025-10-06 21:38:42.383172274,,,814.0
2025-10-06 21:38:42.502905607,,,815.0
2025-10-06 21:38:42.592906952,,,816.0
2025-10-06 21:38:42.449102879,6.203,0.0,
2025-10-06 21:38:42.713146448,,,817.0
2025-10-06 21:38:42.802904367,,,818.0
2025-10-06 21:38:42.923105001,,,819.0
2025-10-06 21:38:43.002994776,,,820.0
2025-10-06 21:38:42.853475809,6.235,0.0,
2025-10-06 21:38:43.132834195,,,821.0
