timestamp,weight,scale_drop,vernier_drop
2025-10-06 21:51:06.754966736,-0.009,0.0,
2025-10-06 21:51:07.170017004,-0.013,0.0,
2025-10-06 21:51:07.575480223,-0.012,0.0,
2025-10-06 21:51:07.979994535,-0.011,0.0,
2025-10-06 21:51:08.386461258,-0.011,0.0,
2025-10-06 21:51:08.792038441,-0.011,0.0,
2025-10-06 21:51:09.196988106,-0.015,0.0,
2025-10-06 21:51:09.705984354,,,1.0
2025-10-06 21:51:09.607984066,-0.013,0.0,
2025-10-06 21:51:09.894633532,,,2.0
2025-10-06 21:51:10.054176569,,,3.0
2025-10-06 21:51:10.194176912,,,4.0
2025-10-06 21:51:10.015633821,-0.011,0.0,
2025-10-06 21:51:10.274177074,,,5.0
2025-10-06 21:51:10.403683662,,,6.0
2025-10-06 21:51:10.614114523,,,7.0
2025-10-06 21:51:10.427683592,0.02,0.0,
2025-10-06 21:51:10.694114208,,,8.0
2025-10-06 21:51:10.824388981,,,9.0
2025-10-06 21:51:10.904469013,,,10.0
2025-10-06 21:51:11.024495125,,,11.0
2025-10-06 21:51:10.838387251,0.053,0.0,
2025-10-06 21:51:11.114470243,,,12.0
2025-10-06 21:51:11.234261751,,,13.0
2025-10-06 21:51:11.314379692,,,14.0
2025-10-06 21:51:11.433721066,,,15.0
2025-10-06 21:51:11.244564533,0.084,0.0,
2025-10-06 21:51:11.524478911,,,16.0
2025-10-06 21:51:11.644379377,,,17.0
2025-10-06 21:51:11.724380016,,,18.0
2025-10-06 21:51:11.854380846,,,19.0
2025-10-06 21:51:11.663397312,0.114,0.0,
2025-10-06 21:51:11.934469938,,,20.0
2025-10-06 21:51:12.064471482,,,21.0
2025-10-06 21:51:12.144470215,,,22.0
2025-10-06 21:51:12.264452696,,,23.0
2025-10-06 21:51:12.069469929,0.139,0.0,
2025-10-06 21:51:12.354451656,,,24.0
2025-10-06 21:51:12.474452019,,,25.0
2025-10-06 21:51:12.554476261,,,26.0
2025-10-06 21:51:12.478451490,0.169,0.0,
2025-10-06 21:51:12.684381723,,,27.0
2025-10-06 21:51:12.764381409,,,28.0
2025-10-06 21:51:12.894383430,,,29.0
2025-10-06 21:51:12.974461079,,,30.0
2025-10-06 21:51:12.886923075,0.196,0.0,
2025-10-06 21:51:13.094383478,,,31.0
2025-10-06 21:51:13.184382915,,,32.0
2025-10-06 21:51:13.304382563,,,33.0
2025-10-06 21:51:13.384189606,,,34.0
2025-10-06 21:51:13.290999413,0.227,0.0,
2025-10-06 21:51:13.514021397,,,35.0
2025-10-06 21:51:13.594471216,,,36.0
2025-10-06 21:51:13.714384317,,,37.0
2025-10-06 21:51:13.804383516,,,38.0
2025-10-06 21:51:13.695471764,0.255,0.0,
2025-10-06 21:51:13.924384117,,,39.0
2025-10-06 21:51:14.004472256,,,40.0
2025-10-06 21:51:14.134468555,,,41.0
2025-10-06 21:51:14.214385748,,,42.0
2025-10-06 21:51:14.112483263,0.289,0.0,
2025-10-06 21:51:14.334493637,,,43.0
2025-10-06 21:51:14.424025059,,,44.0
2025-10-06 21:51:14.544385195,,,45.0
2025-10-06 21:51:14.624385595,,,46.0
2025-10-06 21:51:14.514505624,0.319,0.0,
2025-10-06 21:51:14.754386663,,,47.0
2025-10-06 21:51:14.834506750,,,48.0
2025-10-06 21:51:14.954386711,,,49.0
2025-10-06 21:51:15.044142962,,,50.0
2025-10-06 21:51:14.917637587,0.351,0.0,
2025-10-06 21:51:15.164145470,,,51.0
2025-10-06 21:51:15.254140854,,,52.0
2025-10-06 21:51:15.374387980,,,53.0
2025-10-06 21:51:15.454476118,,,54.0
2025-10-06 21:51:15.329618692,0.379,0.0,
2025-10-06 21:51:15.573895693,,,55.0
2025-10-06 21:51:15.663897753,,,56.0
2025-10-06 21:51:15.783894777,,,57.0
2025-10-06 21:51:15.874388695,,,58.0
2025-10-06 21:51:15.734894753,0.412,0.0,
2025-10-06 21:51:15.994469881,,,59.0
2025-10-06 21:51:16.074592590,,,60.0
2025-10-06 21:51:16.204122066,,,61.0
2025-10-06 21:51:16.284388542,,,62.0
2025-10-06 21:51:16.140233040,0.441,0.0,
2025-10-06 21:51:16.404389143,,,63.0
2025-10-06 21:51:16.494279623,,,64.0
2025-10-06 21:51:16.614390612,,,65.0
2025-10-06 21:51:16.694390535,,,66.0
2025-10-06 21:51:16.543963909,0.47,0.0,
2025-10-06 21:51:16.824389458,,,67.0
2025-10-06 21:51:16.934058428,,,68.0
2025-10-06 21:51:17.064477681,,,69.0
2025-10-06 21:51:16.946045637,0.498,0.0,
2025-10-06 21:51:17.174391270,,,70.0
2025-10-06 21:51:17.294392109,,,71.0
2025-10-06 21:51:17.364449739,,,72.0
2025-10-06 21:51:17.484390974,,,73.0
2025-10-06 21:51:17.534333944,,,74.0
2025-10-06 21:51:17.349844456,0.53,0.0,
2025-10-06 21:51:17.664390802,,,75.0
2025-10-06 21:51:17.744015217,,,76.0
2025-10-06 21:51:17.864002466,,,77.0
2025-10-06 21:51:17.944476366,,,78.0
2025-10-06 21:51:17.755020857,0.561,0.0,
2025-10-06 21:51:18.064606905,,,79.0
2025-10-06 21:51:18.144392252,,,80.0
2025-10-06 21:51:18.264024496,,,81.0
2025-10-06 21:51:18.354393482,,,82.0
2025-10-06 21:51:18.161910057,0.59,0.0,
2025-10-06 21:51:18.474477291,,,83.0
2025-10-06 21:51:18.554378986,,,84.0
2025-10-06 21:51:18.684393406,,,85.0
2025-10-06 21:51:18.764100313,,,86.0
2025-10-06 21:51:18.567772150,0.617,0.0,
2025-10-06 21:51:18.894472122,,,87.0
2025-10-06 21:51:18.974394798,,,88.0
2025-10-06 21:51:19.094475031,,,89.0
2025-10-06 21:51:18.970989466,0.645,0.0,
2025-10-06 21:51:19.184394836,,,90.0
2025-10-06 21:51:19.304394484,,,91.0
2025-10-06 21:51:19.384395361,,,92.0
2025-10-06 21:51:19.514580010,,,93.0
2025-10-06 21:51:19.375471830,0.677,0.0,
2025-10-06 21:51:19.594469547,,,94.0
2025-10-06 21:51:19.714396715,,,95.0
2025-10-06 21:51:19.804395676,,,96.0
2025-10-06 21:51:19.924395561,,,97.0
2025-10-06 21:51:19.794478416,0.711,0.0,
2025-10-06 21:51:20.004479170,,,98.0
2025-10-06 21:51:20.134462833,,,99.0
2025-10-06 21:51:20.214467287,,,100.0
2025-10-06 21:51:20.344396591,,,101.0
2025-10-06 21:51:20.198972702,0.739,0.0,
2025-10-06 21:51:20.424396753,,,102.0
2025-10-06 21:51:20.544044733,,,103.0
2025-10-06 21:51:20.624468327,,,104.0
2025-10-06 21:51:20.754398108,,,105.0
2025-10-06 21:51:20.604191780,0.771,0.0,
2025-10-06 21:51:20.834354162,,,106.0
2025-10-06 21:51:20.964474916,,,107.0
2025-10-06 21:51:21.044397831,,,108.0
2025-10-06 21:51:21.163995504,,,109.0
2025-10-06 21:51:21.011450768,0.797,0.0,
2025-10-06 21:51:21.254399537,,,110.0
2025-10-06 21:51:21.372971296,,,111.0
2025-10-06 21:51:21.453397274,,,112.0
2025-10-06 21:51:21.583397627,,,113.0
2025-10-06 21:51:21.415357113,0.828,0.0,
2025-10-06 21:51:21.663232803,,,114.0
2025-10-06 21:51:21.783396959,,,115.0
2025-10-06 21:51:21.873398304,,,116.0
2025-10-06 21:51:21.993469000,,,117.0
2025-10-06 21:51:21.819819689,0.855,0.0,
2025-10-06 21:51:22.073472738,,,118.0
2025-10-06 21:51:22.203482866,,,119.0
2025-10-06 21:51:22.283743382,,,120.0
2025-10-06 21:51:22.404465437,,,121.0
2025-10-06 21:51:22.222821951,0.886,0.0,
2025-10-06 21:51:22.494402409,,,122.0
2025-10-06 21:51:22.614469290,,,123.0
2025-10-06 21:51:22.694402218,,,124.0
2025-10-06 21:51:22.824401140,,,125.0
2025-10-06 21:51:22.627475023,0.92,0.0,
2025-10-06 21:51:22.924484491,,,126.0
2025-10-06 21:51:23.044401884,,,127.0
2025-10-06 21:51:23.144475222,,,128.0
2025-10-06 21:51:23.033472538,0.949,0.0,
2025-10-06 21:51:23.274477720,,,129.0
2025-10-06 21:51:23.344402313,,,130.0
2025-10-06 21:51:23.464023113,,,131.0
2025-10-06 21:51:23.544402599,,,132.0
2025-10-06 21:51:23.437669516,0.977,0.0,
2025-10-06 21:51:23.674040079,,,133.0
2025-10-06 21:51:23.744403124,,,134.0
2025-10-06 21:51:23.864549398,,,135.0
2025-10-06 21:51:23.944485188,,,136.0
2025-10-06 21:51:23.841107130,1.006,0.0,
2025-10-06 21:51:24.064404011,,,137.0
2025-10-06 21:51:24.143403053,,,138.0
2025-10-06 21:51:24.263470649,,,139.0
2025-10-06 21:51:24.353473425,,,140.0
2025-10-06 21:51:24.247494221,1.037,0.0,
2025-10-06 21:51:24.473469973,,,141.0
2025-10-06 21:51:24.563469172,,,142.0
2025-10-06 21:51:24.683472633,,,143.0
2025-10-06 21:51:24.773403883,,,144.0
2025-10-06 21:51:24.651668072,1.066,0.0,
2025-10-06 21:51:24.893470287,,,145.0
2025-10-06 21:51:24.973404408,,,146.0
2025-10-06 21:51:25.093404770,,,147.0
2025-10-06 21:51:25.182991982,,,148.0
2025-10-06 21:51:25.057019472,1.1,0.0,
2025-10-06 21:51:25.303475857,,,149.0
2025-10-06 21:51:25.393481731,,,150.0
2025-10-06 21:51:25.513648032,,,151.0
2025-10-06 21:51:25.593933105,,,152.0
2025-10-06 21:51:25.461693764,1.131,0.0,
2025-10-06 21:51:25.723928690,,,153.0
2025-10-06 21:51:25.804407597,,,154.0
2025-10-06 21:51:25.924407482,,,155.0
2025-10-06 21:51:26.004407883,,,156.0
2025-10-06 21:51:25.865477800,1.163,0.0,
2025-10-06 21:51:26.134409189,,,157.0
2025-10-06 21:51:26.214474440,,,158.0
2025-10-06 21:51:26.344470024,,,159.0
2025-10-06 21:51:26.424408436,,,160.0
2025-10-06 21:51:26.270508766,1.192,0.0,
2025-10-06 21:51:26.543407679,,,161.0
2025-10-06 21:51:26.633468390,,,162.0
2025-10-06 21:51:26.753407955,,,163.0
2025-10-06 21:51:26.833408117,,,164.0
2025-10-06 21:51:26.681007385,1.221,0.0,
2025-10-06 21:51:26.963467598,,,165.0
2025-10-06 21:51:27.043408394,,,166.0
2025-10-06 21:51:27.163115740,,,167.0
2025-10-06 21:51:27.283470154,,,168.0
2025-10-06 21:51:27.082481146,1.251,0.0,
2025-10-06 21:51:27.413908958,,,169.0
2025-10-06 21:51:27.574411869,,,170.0
2025-10-06 21:51:27.664468288,,,171.0
2025-10-06 21:51:27.484575987,1.282,0.0,
2025-10-06 21:51:27.794412613,,,172.0
2025-10-06 21:51:27.873980999,,,173.0
2025-10-06 21:51:27.994412661,,,174.0
2025-10-06 21:51:28.074413061,,,175.0
2025-10-06 21:51:27.890301704,1.309,0.0,
2025-10-06 21:51:28.204475641,,,176.0
2025-10-06 21:51:28.294635534,,,177.0
2025-10-06 21:51:28.404411793,,,178.0
2025-10-06 21:51:28.493844986,,,179.0
2025-10-06 21:51:28.294635534,1.337,0.0,
2025-10-06 21:51:28.614414454,,,180.0
2025-10-06 21:51:28.704576492,,,181.0
2025-10-06 21:51:28.824413300,,,182.0
2025-10-06 21:51:28.697577715,1.366,0.0,
2025-10-06 21:51:28.904490948,,,183.0
2025-10-06 21:51:29.034415007,,,184.0
2025-10-06 21:51:29.114415407,,,185.0
2025-10-06 21:51:29.234128237,,,186.0
2025-10-06 21:51:29.101653576,1.392,0.0,
2025-10-06 21:51:29.323412895,,,187.0
2025-10-06 21:51:29.443413019,,,188.0
2025-10-06 21:51:29.523489714,,,189.0
2025-10-06 21:51:29.653413296,,,190.0
2025-10-06 21:51:29.511886120,1.424,0.0,
2025-10-06 21:51:29.733414173,,,191.0
2025-10-06 21:51:29.853467703,,,192.0
2025-10-06 21:51:29.943503857,,,193.0
2025-10-06 21:51:30.063418865,,,194.0
2025-10-06 21:51:29.916181564,1.452,0.0,
2025-10-06 21:51:30.143491507,,,195.0
2025-10-06 21:51:30.273893118,,,196.0
2025-10-06 21:51:30.364360809,,,197.0
2025-10-06 21:51:30.484416485,,,198.0
2025-10-06 21:51:30.321133852,1.483,0.0,
2025-10-06 21:51:30.564415932,,,199.0
2025-10-06 21:51:30.684417009,,,200.0
2025-10-06 21:51:30.763884068,,,201.0
2025-10-06 21:51:30.894340038,,,202.0
2025-10-06 21:51:30.727882147,1.512,0.0,
2025-10-06 21:51:30.974418402,,,203.0
2025-10-06 21:51:31.104418039,,,204.0
2025-10-06 21:51:31.184295416,,,205.0
2025-10-06 21:51:31.304476738,,,206.0
2025-10-06 21:51:31.132713795,1.543,0.0,
2025-10-06 21:51:31.383674622,,,207.0
2025-10-06 21:51:31.514486313,,,208.0
2025-10-06 21:51:31.604418755,,,209.0
2025-10-06 21:51:31.724496365,,,210.0
2025-10-06 21:51:31.535447358,1.571,0.0,
2025-10-06 21:51:31.804402351,,,211.0
2025-10-06 21:51:31.924475431,,,212.0
2025-10-06 21:51:32.014468908,,,213.0
2025-10-06 21:51:32.134421349,,,214.0
2025-10-06 21:51:31.938892841,1.604,0.0,
2025-10-06 21:51:32.214668989,,,215.0
2025-10-06 21:51:32.344731331,,,216.0
2025-10-06 21:51:32.423418999,,,217.0
2025-10-06 21:51:32.543467522,,,218.0
2025-10-06 21:51:32.344731331,1.633,0.0,
2025-10-06 21:51:32.633470297,,,219.0
2025-10-06 21:51:32.753028393,,,220.0
2025-10-06 21:51:32.833420038,,,221.0
2025-10-06 21:51:32.963471174,,,222.0
2025-10-06 21:51:32.775498867,1.666,0.0,
2025-10-06 21:51:33.043420315,,,223.0
2025-10-06 21:51:33.162989616,,,224.0
2025-10-06 21:51:33.253387927,,,225.0
2025-10-06 21:51:33.373420715,,,226.0
2025-10-06 21:51:33.178011417,1.699,0.0,
2025-10-06 21:51:33.463505507,,,227.0
2025-10-06 21:51:33.584422827,,,228.0
2025-10-06 21:51:33.664422750,,,229.0
2025-10-06 21:51:33.784423351,,,230.0
2025-10-06 21:51:33.581987143,1.726,0.0,
2025-10-06 21:51:33.874424458,,,231.0
2025-10-06 21:51:33.994525671,,,232.0
2025-10-06 21:51:34.074424505,,,233.0
2025-10-06 21:51:33.990479708,1.758,0.0,
2025-10-06 21:51:34.204423666,,,234.0
2025-10-06 21:51:34.294424772,,,235.0
2025-10-06 21:51:34.414425611,,,236.0
2025-10-06 21:51:34.494425297,,,237.0
2025-10-06 21:51:34.393477440,1.787,0.0,
2025-10-06 21:51:34.614260435,,,238.0
2025-10-06 21:51:34.703473806,,,239.0
2025-10-06 21:51:34.823475122,,,240.0
2025-10-06 21:51:34.903424025,,,241.0
2025-10-06 21:51:34.796917677,1.816,0.0,
2025-10-06 21:51:35.032799958,,,242.0
2025-10-06 21:51:35.113473892,,,243.0
2025-10-06 21:51:35.233262539,,,244.0
2025-10-06 21:51:35.324511290,,,245.0
2025-10-06 21:51:35.202083826,1.848,0.0,
2025-10-06 21:51:35.444426060,,,246.0
2025-10-06 21:51:35.534427404,,,247.0
2025-10-06 21:51:35.654428005,,,248.0
2025-10-06 21:51:35.734472752,,,249.0
2025-10-06 21:51:35.619298220,1.88,0.0,
2025-10-06 21:51:35.864471912,,,250.0
2025-10-06 21:51:35.944427013,,,251.0
2025-10-06 21:51:36.063994408,,,252.0
2025-10-06 21:51:36.144427299,,,253.0
2025-10-06 21:51:36.026985407,1.906,0.0,
2025-10-06 21:51:36.274429083,,,254.0
2025-10-06 21:51:36.354429245,,,255.0
2025-10-06 21:51:36.484683275,,,256.0
2025-10-06 21:51:36.564004660,,,257.0
2025-10-06 21:51:36.432610035,1.934,0.0,
2025-10-06 21:51:36.684156656,,,258.0
2025-10-06 21:51:36.774430275,,,259.0
2025-10-06 21:51:36.894430161,,,260.0
2025-10-06 21:51:36.974459887,,,261.0
2025-10-06 21:51:36.834341526,1.962,0.0,
2025-10-06 21:51:37.094430447,,,262.0
2025-10-06 21:51:37.184429884,,,263.0
2025-10-06 21:51:37.304237604,,,264.0
2025-10-06 21:51:37.394431114,,,265.0
2025-10-06 21:51:37.239683867,1.993,0.0,
2025-10-06 21:51:37.514467001,,,266.0
2025-10-06 21:51:37.594431639,,,267.0
2025-10-06 21:51:37.724431038,,,268.0
2025-10-06 21:51:37.804499626,,,269.0
2025-10-06 21:51:37.642993927,2.026,0.0,
2025-10-06 21:51:37.924679518,,,270.0
2025-10-06 21:51:38.014622927,,,271.0
2025-10-06 21:51:38.134432554,,,272.0
2025-10-06 21:51:38.214432955,,,273.0
2025-10-06 21:51:38.045541525,2.055,0.0,
2025-10-06 21:51:38.344249487,,,274.0
2025-10-06 21:51:38.424141407,,,275.0
2025-10-06 21:51:38.544670820,,,276.0
2025-10-06 21:51:38.634433746,,,277.0
2025-10-06 21:51:38.449975252,2.086,0.0,
2025-10-06 21:51:38.754433870,,,278.0
2025-10-06 21:51:38.844432592,,,279.0
2025-10-06 21:51:38.964432955,,,280.0
2025-10-06 21:51:39.044509411,,,281.0
2025-10-06 21:51:38.854537725,2.117,0.0,
2025-10-06 21:51:39.174534321,,,282.0
2025-10-06 21:51:39.254434824,,,283.0
2025-10-06 21:51:39.374435186,,,284.0
2025-10-06 21:51:39.454435349,,,285.0
2025-10-06 21:51:39.257991076,2.15,0.0,
2025-10-06 21:51:39.583845139,,,286.0
2025-10-06 21:51:39.664473057,,,287.0
2025-10-06 21:51:39.794435740,,,288.0
2025-10-06 21:51:39.662465811,2.181,0.0,
2025-10-06 21:51:39.874436140,,,289.0
2025-10-06 21:51:39.994639874,,,290.0
2025-10-06 21:51:40.104435205,,,291.0
2025-10-06 21:51:40.234622240,,,292.0
2025-10-06 21:51:40.066222191,2.211,0.0,
2025-10-06 21:51:40.344435930,,,293.0
2025-10-06 21:51:40.464012146,,,294.0
2025-10-06 21:51:40.574437380,,,295.0
2025-10-06 21:51:40.470802069,2.237,0.0,
2025-10-06 21:51:40.684436798,,,296.0
2025-10-06 21:51:40.804436445,,,297.0
2025-10-06 21:51:40.904265404,,,298.0
2025-10-06 21:51:41.034268379,,,299.0
2025-10-06 21:51:40.874477386,2.263,0.0,
2025-10-06 21:51:41.114268780,,,300.0
2025-10-06 21:51:41.244437456,,,301.0
2025-10-06 21:51:41.322995901,,,302.0
2025-10-06 21:51:41.442993641,,,303.0
2025-10-06 21:51:41.276605606,2.296,0.0,
2025-10-06 21:51:41.532995701,,,304.0
2025-10-06 21:51:41.652991772,,,305.0
2025-10-06 21:51:41.732835293,,,306.0
2025-10-06 21:51:41.852835894,,,307.0
2025-10-06 21:51:41.684835434,2.323,0.0,
2025-10-06 21:51:41.942836761,,,308.0
2025-10-06 21:51:42.062840223,,,309.0
2025-10-06 21:51:42.153836966,,,310.0
2025-10-06 21:51:42.273458242,,,311.0
2025-10-06 21:51:42.095839739,2.354,0.0,
2025-10-06 21:51:42.353457928,,,312.0
2025-10-06 21:51:42.473460197,,,313.0
2025-10-06 21:51:42.563371658,,,314.0
2025-10-06 21:51:42.684372663,,,315.0
2025-10-06 21:51:42.504460573,2.385,0.0,
2025-10-06 21:51:42.774090528,,,316.0
2025-10-06 21:51:42.894586802,,,317.0
2025-10-06 21:51:42.974587440,,,318.0
2025-10-06 21:51:43.104441166,,,319.0
2025-10-06 21:51:42.910586119,2.411,0.0,
2025-10-06 21:51:43.184398413,,,320.0
2025-10-06 21:51:43.304043055,,,321.0
2025-10-06 21:51:43.394042015,,,322.0
2025-10-06 21:51:43.513472080,,,323.0
2025-10-06 21:51:43.320042610,2.444,0.0,
2025-10-06 21:51:43.603441000,,,324.0
2025-10-06 21:51:43.723441362,,,325.0
2025-10-06 21:51:43.802994251,,,326.0
2025-10-06 21:51:43.912986040,,,327.0
2025-10-06 21:51:43.726448536,2.476,0.0,
2025-10-06 21:51:44.003675222,,,328.0
2025-10-06 21:51:44.123673677,,,329.0
2025-10-06 21:51:44.213675976,,,330.0
2025-10-06 21:51:44.273674965,,,331.0
2025-10-06 21:51:44.135673523,2.505,0.0,
2025-10-06 21:51:44.393677235,,,332.0
2025-10-06 21:51:44.433773279,,,333.0
2025-10-06 21:51:44.564479828,,,334.0
2025-10-06 21:51:44.634502649,,,335.0
2025-10-06 21:51:44.547478437,2.534,0.0,
2025-10-06 21:51:44.754159927,,,336.0
2025-10-06 21:51:44.834445715,,,337.0
2025-10-06 21:51:44.964468956,,,338.0
2025-10-06 21:51:45.044445038,,,339.0
2025-10-06 21:51:44.953471661,2.569,0.0,
2025-10-06 21:51:45.174447060,,,340.0
2025-10-06 21:51:45.254446507,,,341.0
2025-10-06 21:51:45.374466658,,,342.0
2025-10-06 21:51:45.464073658,,,343.0
2025-10-06 21:51:45.357396841,2.598,0.0,
2025-10-06 21:51:45.584446192,,,344.0
2025-10-06 21:51:45.674447298,,,345.0
2025-10-06 21:51:45.793549299,,,346.0
2025-10-06 21:51:45.873445988,,,347.0
2025-10-06 21:51:45.760913849,2.629,0.0,
2025-10-06 21:51:45.993471146,,,348.0
2025-10-06 21:51:46.083522320,,,349.0
2025-10-06 21:51:46.203446388,,,350.0
2025-10-06 21:51:46.284447193,,,351.0
2025-10-06 21:51:46.162462711,2.654,0.0,
2025-10-06 21:51:46.414448977,,,352.0
2025-10-06 21:51:46.494449377,,,353.0
2025-10-06 21:51:46.614449501,,,354.0
2025-10-06 21:51:46.704490662,,,355.0
2025-10-06 21:51:46.569986820,2.686,0.0,
2025-10-06 21:51:46.824146748,,,356.0
2025-10-06 21:51:46.914477825,,,357.0
2025-10-06 21:51:47.034467697,,,358.0
2025-10-06 21:51:47.114503145,,,359.0
2025-10-06 21:51:46.979015350,2.716,0.0,
2025-10-06 21:51:47.244449139,,,360.0
2025-10-06 21:51:47.324449539,,,361.0
2025-10-06 21:51:47.444480181,,,362.0
2025-10-06 21:51:47.533985375,,,363.0
2025-10-06 21:51:47.381646156,2.75,0.0,
2025-10-06 21:51:47.654555082,,,364.0
2025-10-06 21:51:47.744586468,,,365.0
2025-10-06 21:51:47.864481211,,,366.0
2025-10-06 21:51:47.944493532,,,367.0
2025-10-06 21:51:47.789062500,2.778,0.0,
2025-10-06 21:51:48.064033031,,,368.0
2025-10-06 21:51:48.154393196,,,369.0
2025-10-06 21:51:48.274458647,,,370.0
2025-10-06 21:51:48.354333639,,,371.0
2025-10-06 21:51:48.193471432,2.805,0.0,
2025-10-06 21:51:48.484451771,,,372.0
2025-10-06 21:51:48.563975096,,,373.0
2025-10-06 21:51:48.684452057,,,374.0
2025-10-06 21:51:48.774453402,,,375.0
2025-10-06 21:51:48.600033045,2.836,0.0,
2025-10-06 21:51:48.894454002,,,376.0
2025-10-06 21:51:48.984453201,,,377.0
2025-10-06 21:51:49.104453087,,,378.0
2025-10-06 21:51:49.184455633,,,379.0
2025-10-06 21:51:49.016474009,2.866,0.0,
2025-10-06 21:51:49.304036140,,,380.0
2025-10-06 21:51:49.394454718,,,381.0
2025-10-06 21:51:49.514531612,,,382.0
2025-10-06 21:51:49.420231342,2.894,0.0,
2025-10-06 21:51:49.624355793,,,383.0
2025-10-06 21:51:49.754094124,,,384.0
2025-10-06 21:51:49.864212275,,,385.0
2025-10-06 21:51:49.984454632,,,386.0
2025-10-06 21:51:50.034456015,,,387.0
2025-10-06 21:51:49.824477911,2.926,0.0,
2025-10-06 21:51:50.144454956,,,388.0
2025-10-06 21:51:50.234473705,,,389.0
2025-10-06 21:51:50.354457378,,,390.0
2025-10-06 21:51:50.434111595,,,391.0
2025-10-06 21:51:50.241826773,2.953,0.0,
2025-10-06 21:51:50.544455767,,,392.0
2025-10-06 21:51:50.634457588,,,393.0
2025-10-06 21:51:50.754477978,,,394.0
2025-10-06 21:51:50.844456434,,,395.0
2025-10-06 21:51:50.645478964,2.989,0.0,
2025-10-06 21:51:50.964580774,,,396.0
2025-10-06 21:51:51.044519663,,,397.0
2025-10-06 21:51:51.174458027,,,398.0
2025-10-06 21:51:51.050080776,3.014,0.0,
2025-10-06 21:51:51.254458666,,,399.0
2025-10-06 21:51:51.384457111,,,400.0
2025-10-06 21:51:51.464249134,,,401.0
2025-10-06 21:51:51.584458351,,,402.0
2025-10-06 21:51:51.455019712,3.045,0.0,
2025-10-06 21:51:51.664458275,,,403.0
2025-10-06 21:51:51.794480562,,,404.0
2025-10-06 21:51:51.874459982,,,405.0
2025-10-06 21:51:52.004458666,,,406.0
2025-10-06 21:51:51.870955467,3.073,0.0,
2025-10-06 21:51:52.084457636,,,407.0
2025-10-06 21:51:52.204459429,,,408.0
2025-10-06 21:51:52.284457207,,,409.0
2025-10-06 21:51:52.414468050,,,410.0
2025-10-06 21:51:52.275476694,3.108,0.0,
2025-10-06 21:51:52.494540453,,,411.0
2025-10-06 21:51:52.624538898,,,412.0
2025-10-06 21:51:52.704460382,,,413.0
2025-10-06 21:51:52.824006319,,,414.0
2025-10-06 21:51:52.680116653,3.137,0.0,
2025-10-06 21:51:52.914462090,,,415.0
2025-10-06 21:51:53.034472704,,,416.0
2025-10-06 21:51:53.114485502,,,417.0
2025-10-06 21:51:53.244292259,,,418.0
2025-10-06 21:51:53.081487417,3.17,0.0,
2025-10-06 21:51:53.324479818,,,419.0
2025-10-06 21:51:53.444461584,,,420.0
2025-10-06 21:51:53.524461508,,,421.0
2025-10-06 21:51:53.654463291,,,422.0
2025-10-06 21:51:53.484303713,3.199,0.0,
2025-10-06 21:51:53.734463453,,,423.0
2025-10-06 21:51:53.864474535,,,424.0
2025-10-06 21:51:53.944148064,,,425.0
2025-10-06 21:51:54.064462900,,,426.0
2025-10-06 21:51:53.890411377,3.229,0.0,
2025-10-06 21:51:54.154476643,,,427.0
2025-10-06 21:51:54.274464369,,,428.0
2025-10-06 21:51:54.353985786,,,429.0
2025-10-06 21:51:54.484541655,,,430.0
2025-10-06 21:51:54.293475866,3.255,0.0,
2025-10-06 21:51:54.584464073,,,431.0
2025-10-06 21:51:54.714047909,,,432.0
2025-10-06 21:51:54.793478489,,,433.0
2025-10-06 21:51:54.695696831,3.285,0.0,
2025-10-06 21:51:54.912799120,,,434.0
2025-10-06 21:51:54.993116379,,,435.0
2025-10-06 21:51:55.123542786,,,436.0
2025-10-06 21:51:55.194590569,,,437.0
2025-10-06 21:51:55.304539680,,,438.0
2025-10-06 21:51:55.113048315,3.315,0.0,
2025-10-06 21:51:55.394466639,,,439.0
2025-10-06 21:51:55.514470100,,,440.0
2025-10-06 21:51:55.604465961,,,441.0
2025-10-06 21:51:55.517469645,3.347,0.0,
2025-10-06 21:51:55.724546194,,,442.0
2025-10-06 21:51:55.804466724,,,443.0
2025-10-06 21:51:55.934052706,,,444.0
2025-10-06 21:51:56.014475584,,,445.0
2025-10-06 21:51:56.134475231,,,446.0
2025-10-06 21:51:55.933470488,3.376,0.0,
2025-10-06 21:51:56.224256277,,,447.0
2025-10-06 21:51:56.344467402,,,448.0
2025-10-06 21:51:56.424467087,,,449.0
2025-10-06 21:51:56.337273836,3.41,0.0,
2025-10-06 21:51:56.554260254,,,450.0
2025-10-06 21:51:56.634396076,,,451.0
2025-10-06 21:51:56.754469395,,,452.0
2025-10-06 21:51:56.844468594,,,453.0
2025-10-06 21:51:56.741093874,3.437,0.0,
2025-10-06 21:51:56.964478254,,,454.0
2025-10-06 21:51:57.044468641,,,455.0
2025-10-06 21:51:57.174450636,,,456.0
2025-10-06 21:51:57.254469872,,,457.0
2025-10-06 21:51:57.160459995,3.467,0.0,
2025-10-06 21:51:57.374470472,,,458.0
2025-10-06 21:51:57.464638710,,,459.0
2025-10-06 21:51:57.584469557,,,460.0
2025-10-06 21:51:57.674470901,,,461.0
2025-10-06 21:51:57.567777395,3.496,0.0,
2025-10-06 21:51:57.794547796,,,462.0
2025-10-06 21:51:57.874549866,,,463.0
2025-10-06 21:51:58.003870726,,,464.0
2025-10-06 21:51:58.084382772,,,465.0
2025-10-06 21:51:57.973468781,3.528,0.0,
2025-10-06 21:51:58.204470873,,,466.0
2025-10-06 21:51:58.294472218,,,467.0
2025-10-06 21:51:58.414473295,,,468.0
2025-10-06 21:51:58.494472742,,,469.0
2025-10-06 21:51:58.375391006,3.556,0.0,
2025-10-06 21:51:58.624471903,,,470.0
2025-10-06 21:51:58.704262972,,,471.0
2025-10-06 21:51:58.823841572,,,472.0
2025-10-06 21:51:58.914467573,,,473.0
2025-10-06 21:51:58.777990341,3.589,0.0,
2025-10-06 21:51:59.034532547,,,474.0
2025-10-06 21:51:59.113790274,,,475.0
2025-10-06 21:51:59.243993521,,,476.0
2025-10-06 21:51:59.324473143,,,477.0
2025-10-06 21:51:59.181102276,3.617,0.0,
2025-10-06 21:51:59.443472147,,,478.0
2025-10-06 21:51:59.562995911,,,479.0
2025-10-06 21:51:59.693472624,,,480.0
2025-10-06 21:51:59.584479332,3.646,0.0,
2025-10-06 21:51:59.802989006,,,481.0
2025-10-06 21:51:59.923472881,,,482.0
2025-10-06 21:52:00.053107023,,,483.0
2025-10-06 21:52:00.153480768,,,484.0
2025-10-06 21:51:59.990543604,3.672,0.0,
2025-10-06 21:52:00.273180962,,,485.0
2025-10-06 21:52:00.363092899,,,486.0
2025-10-06 21:52:00.483078241,,,487.0
2025-10-06 21:52:00.563421011,,,488.0
2025-10-06 21:52:00.395637989,3.705,0.0,
2025-10-06 21:52:00.693474770,,,489.0
2025-10-06 21:52:00.774549484,,,490.0
2025-10-06 21:52:00.894477844,,,491.0
2025-10-06 21:52:00.984194756,,,492.0
2025-10-06 21:52:00.799202204,3.733,0.0,
2025-10-06 21:52:01.104547501,,,493.0
2025-10-06 21:52:01.194478035,,,494.0
2025-10-06 21:52:01.314478636,,,495.0
2025-10-06 21:52:01.394478559,,,496.0
2025-10-06 21:52:01.200956583,3.762,0.0,
2025-10-06 21:52:01.514472960,,,497.0
2025-10-06 21:52:01.604476690,,,498.0
2025-10-06 21:52:01.724477768,,,499.0
2025-10-06 21:52:01.814479351,,,500.0
2025-10-06 21:52:01.606484413,3.792,0.0,
2025-10-06 21:52:01.934479713,,,501.0
2025-10-06 21:52:02.014472961,,,502.0
2025-10-06 21:52:02.134033918,,,503.0
2025-10-06 21:52:02.224416018,,,504.0
2025-10-06 21:52:02.025992155,3.824,0.0,
2025-10-06 21:52:02.344479084,,,505.0
2025-10-06 21:52:02.434480429,,,506.0
2025-10-06 21:52:02.554454565,,,507.0
2025-10-06 21:52:02.430641174,3.853,0.0,
2025-10-06 21:52:02.634471178,,,508.0
2025-10-06 21:52:02.754481316,,,509.0
2025-10-06 21:52:02.844480276,,,510.0
2025-10-06 21:52:02.964480400,,,511.0
2025-10-06 21:52:02.834718227,3.882,0.0,
2025-10-06 21:52:03.054429293,,,512.0
2025-10-06 21:52:03.174481869,,,513.0
2025-10-06 21:52:03.253998041,,,514.0
2025-10-06 21:52:03.384480953,,,515.0
2025-10-06 21:52:03.238648653,3.91,0.0,
2025-10-06 21:52:03.464368105,,,516.0
2025-10-06 21:52:03.584481716,,,517.0
2025-10-06 21:52:03.674623966,,,518.0
2025-10-06 21:52:03.793972969,,,519.0
2025-10-06 21:52:03.642992496,3.944,0.0,
2025-10-06 21:52:03.873481274,,,520.0
2025-10-06 21:52:04.004482269,,,521.0
2025-10-06 21:52:04.084480524,,,522.0
2025-10-06 21:52:04.204590559,,,523.0
2025-10-06 21:52:04.048567772,3.973,0.0,
2025-10-06 21:52:04.294484854,,,524.0
2025-10-06 21:52:04.414090633,,,525.0
2025-10-06 21:52:04.504483223,,,526.0
2025-10-06 21:52:04.624563456,,,527.0
2025-10-06 21:52:04.453475952,4.003,0.0,
2025-10-06 21:52:04.704559565,,,528.0
2025-10-06 21:52:04.834485531,,,529.0
2025-10-06 21:52:04.914485693,,,530.0
2025-10-06 21:52:05.034484386,,,531.0
2025-10-06 21:52:04.858949900,4.036,0.0,
2025-10-06 21:52:05.114652157,,,532.0
2025-10-06 21:52:05.244406462,,,533.0
2025-10-06 21:52:05.324485064,,,534.0
2025-10-06 21:52:05.454561949,,,535.0
2025-10-06 21:52:05.275475740,4.068,0.0,
2025-10-06 21:52:05.534486771,,,536.0
2025-10-06 21:52:05.654486895,,,537.0
2025-10-06 21:52:05.744360924,,,538.0
2025-10-06 21:52:05.864642859,,,539.0
2025-10-06 21:52:05.682179213,4.096,0.0,
2025-10-06 21:52:05.954487324,,,540.0
2025-10-06 21:52:06.073918104,,,541.0
2025-10-06 21:52:06.154488087,,,542.0
2025-10-06 21:52:06.274487734,,,543.0
2025-10-06 21:52:06.088809490,4.128,0.0,
2025-10-06 21:52:06.363855839,,,544.0
2025-10-06 21:52:06.484562159,,,545.0
2025-10-06 21:52:06.564487457,,,546.0
2025-10-06 21:52:06.694489241,,,547.0
2025-10-06 21:52:06.491939545,4.158,0.0,
2025-10-06 21:52:06.774489403,,,548.0
2025-10-06 21:52:06.894489050,,,549.0
2025-10-06 21:52:06.984488249,,,550.0
2025-10-06 21:52:07.104488611,,,551.0
2025-10-06 21:52:06.912131310,4.187,0.0,
2025-10-06 21:52:07.194478273,,,552.0
2025-10-06 21:52:07.314490318,,,553.0
2025-10-06 21:52:07.394490004,,,554.0
2025-10-06 21:52:07.514737129,,,555.0
2025-10-06 21:52:07.317164898,4.213,0.0,
2025-10-06 21:52:07.604489803,,,556.0
2025-10-06 21:52:07.723992109,,,557.0
2025-10-06 21:52:07.814490795,,,558.0
2025-10-06 21:52:07.722993851,4.239,0.0,
2025-10-06 21:52:07.934491634,,,559.0
2025-10-06 21:52:08.014491558,,,560.0
2025-10-06 21:52:08.134492159,,,561.0
2025-10-06 21:52:08.224490404,,,562.0
2025-10-06 21:52:08.127047538,4.268,0.0,
2025-10-06 21:52:08.344297171,,,563.0
2025-10-06 21:52:08.434492588,,,564.0
2025-10-06 21:52:08.554471493,,,565.0
2025-10-06 21:52:08.654492617,,,566.0
2025-10-06 21:52:08.543467283,4.3,0.0,
2025-10-06 21:52:08.784491777,,,567.0
2025-10-06 21:52:08.884491920,,,568.0
2025-10-06 21:52:09.004492044,,,569.0
2025-10-06 21:52:09.064485788,,,570.0
2025-10-06 21:52:08.949431181,4.334,0.0,
2025-10-06 21:52:09.194051266,,,571.0
2025-10-06 21:52:09.263798714,,,572.0
2025-10-06 21:52:09.384493351,,,573.0
2025-10-06 21:52:09.464474916,,,574.0
2025-10-06 21:52:09.355475664,4.374,0.0,
2025-10-06 21:52:09.584493637,,,575.0
2025-10-06 21:52:09.674494505,,,576.0
2025-10-06 21:52:09.794494867,,,577.0
2025-10-06 21:52:09.874566793,,,578.0
2025-10-06 21:52:09.760193110,4.391,0.0,
2025-10-06 21:52:10.004576206,,,579.0
2025-10-06 21:52:10.084494591,,,580.0
2025-10-06 21:52:10.214170694,,,581.0
2025-10-06 21:52:10.294496059,,,582.0
2025-10-06 21:52:10.163498640,4.43,0.0,
2025-10-06 21:52:10.414006710,,,583.0
2025-10-06 21:52:10.504495143,,,584.0
2025-10-06 21:52:10.624495268,,,585.0
2025-10-06 21:52:10.704455614,,,586.0
2025-10-06 21:52:10.570000410,4.454,0.0,
2025-10-06 21:52:10.824189901,,,587.0
2025-10-06 21:52:10.914497375,,,588.0
2025-10-06 21:52:11.034437656,,,589.0
2025-10-06 21:52:11.114319086,,,590.0
2025-10-06 21:52:10.975489855,4.483,0.0,
2025-10-06 21:52:11.244307518,,,591.0
2025-10-06 21:52:11.324496984,,,592.0
2025-10-06 21:52:11.454498529,,,593.0
2025-10-06 21:52:11.534095526,,,594.0
2025-10-06 21:52:11.381482124,4.51,0.0,
2025-10-06 21:52:11.654498339,,,595.0
2025-10-06 21:52:11.744246721,,,596.0
2025-10-06 21:52:11.864029884,,,597.0
2025-10-06 21:52:11.954566002,,,598.0
2025-10-06 21:52:11.785985708,4.542,0.0,
2025-10-06 21:52:12.074491501,,,599.0
2025-10-06 21:52:12.164498806,,,600.0
2025-10-06 21:52:12.284497499,,,601.0
2025-10-06 21:52:12.364571571,,,602.0
2025-10-06 21:52:12.190294027,4.573,0.0,
2025-10-06 21:52:12.484568596,,,603.0
2025-10-06 21:52:12.563810825,,,604.0
2025-10-06 21:52:12.694500685,,,605.0
2025-10-06 21:52:12.774501085,,,606.0
2025-10-06 21:52:12.594965696,4.604,0.0,
2025-10-06 21:52:12.894501209,,,607.0
2025-10-06 21:52:12.984479904,,,608.0
2025-10-06 21:52:13.104500055,,,609.0
2025-10-06 21:52:13.184469938,,,610.0
2025-10-06 21:52:12.997129679,4.634,0.0,
2025-10-06 21:52:13.313813448,,,611.0
2025-10-06 21:52:13.394517422,,,612.0
2025-10-06 21:52:13.514517546,,,613.0
2025-10-06 21:52:13.604521751,,,614.0
2025-10-06 21:52:13.404517412,4.666,0.0,
2025-10-06 21:52:13.723895550,,,615.0
2025-10-06 21:52:13.804705381,,,616.0
2025-10-06 21:52:13.933708906,,,617.0
2025-10-06 21:52:14.014085770,,,618.0
2025-10-06 21:52:13.812705755,4.695,0.0,
2025-10-06 21:52:14.144511700,,,619.0
2025-10-06 21:52:14.224511385,,,620.0
2025-10-06 21:52:14.343893528,,,621.0
2025-10-06 21:52:14.224511385,4.728,0.0,
2025-10-06 21:52:14.433896780,,,622.0
2025-10-06 21:52:14.554610014,,,623.0
2025-10-06 21:52:14.634610176,,,624.0
2025-10-06 21:52:14.764610291,,,625.0
2025-10-06 21:52:14.634610176,4.758,0.0,
2025-10-06 21:52:14.844608068,,,626.0
2025-10-06 21:52:14.974432707,,,627.0
2025-10-06 21:52:15.054362297,,,628.0
2025-10-06 21:52:15.174505472,,,629.0
2025-10-06 21:52:15.036823034,4.793,0.0,
2025-10-06 21:52:15.284102201,,,630.0
2025-10-06 21:52:15.414506197,,,631.0
2025-10-06 21:52:15.524505138,,,632.0
2025-10-06 21:52:15.441971779,4.821,0.0,
2025-10-06 21:52:15.644505024,,,633.0
2025-10-06 21:52:15.784320116,,,634.0
2025-10-06 21:52:15.874637365,,,635.0
2025-10-06 21:52:16.004637718,,,636.0
2025-10-06 21:52:15.844633818,4.851,0.0,
2025-10-06 21:52:16.094637394,,,637.0
2025-10-06 21:52:16.214641333,,,638.0
2025-10-06 21:52:16.294641256,,,639.0
2025-10-06 21:52:16.414648533,,,640.0
2025-10-06 21:52:16.257640600,4.877,0.0,
2025-10-06 21:52:16.504507303,,,641.0
2025-10-06 21:52:16.624507427,,,642.0
2025-10-06 21:52:16.704507589,,,643.0
2025-10-06 21:52:16.834174633,,,644.0
2025-10-06 21:52:16.665652990,4.903,0.0,
2025-10-06 21:52:16.914626837,,,645.0
2025-10-06 21:52:17.034509659,,,646.0
2025-10-06 21:52:17.124507904,,,647.0
2025-10-06 21:52:17.244279385,,,648.0
2025-10-06 21:52:17.070001364,4.927,0.0,
2025-10-06 21:52:17.324611187,,,649.0
2025-10-06 21:52:17.454576015,,,650.0
2025-10-06 21:52:17.534510374,,,651.0
2025-10-06 21:52:17.654088497,,,652.0
2025-10-06 21:52:17.473470926,4.963,0.0,
2025-10-06 21:52:17.743993282,,,653.0
2025-10-06 21:52:17.864477634,,,654.0
2025-10-06 21:52:17.944479942,,,655.0
2025-10-06 21:52:18.074510813,,,656.0
2025-10-06 21:52:17.880480051,4.992,0.0,
2025-10-06 21:52:18.154511452,,,657.0
2025-10-06 21:52:18.274511337,,,658.0
2025-10-06 21:52:18.363906622,,,659.0
2025-10-06 21:52:18.484476566,,,660.0
2025-10-06 21:52:18.283476114,5.024,0.0,
2025-10-06 21:52:18.574512959,,,661.0
2025-10-06 21:52:18.694478035,,,662.0
2025-10-06 21:52:18.774512529,,,663.0
2025-10-06 21:52:18.690477848,5.053,0.0,
2025-10-06 21:52:18.894512653,,,664.0
2025-10-06 21:52:18.984609604,,,665.0
2025-10-06 21:52:19.104511976,,,666.0
2025-10-06 21:52:19.183704853,,,667.0
2025-10-06 21:52:19.095478296,5.084,0.0,
2025-10-06 21:52:19.314475536,,,668.0
2025-10-06 21:52:19.404028893,,,669.0
2025-10-06 21:52:19.524513005,,,670.0
2025-10-06 21:52:19.604513168,,,671.0
2025-10-06 21:52:19.499645948,5.111,0.0,
2025-10-06 21:52:19.724464417,,,672.0
2025-10-06 21:52:19.814429283,,,673.0
2025-10-06 21:52:19.933988571,,,674.0
2025-10-06 21:52:20.024513721,,,675.0
2025-10-06 21:52:19.903470039,5.144,0.0,
2025-10-06 21:52:20.144514322,,,676.0
2025-10-06 21:52:20.224398375,,,677.0
2025-10-06 21:52:20.344514847,,,678.0
2025-10-06 21:52:20.434580564,,,679.0
2025-10-06 21:52:20.307589769,5.172,0.0,
2025-10-06 21:52:20.554610968,,,680.0
2025-10-06 21:52:20.634468079,,,681.0
2025-10-06 21:52:20.763985872,,,682.0
2025-10-06 21:52:20.844515324,,,683.0
2025-10-06 21:52:20.712469339,5.198,0.0,
2025-10-06 21:52:20.974517107,,,684.0
2025-10-06 21:52:21.054471016,,,685.0
2025-10-06 21:52:21.174516916,,,686.0
2025-10-06 21:52:21.254517794,,,687.0
2025-10-06 21:52:21.115847111,5.231,0.0,
2025-10-06 21:52:21.384516954,,,688.0
2025-10-06 21:52:21.464469671,,,689.0
2025-10-06 21:52:21.594603062,,,690.0
2025-10-06 21:52:21.674518347,,,691.0
2025-10-06 21:52:21.522194147,5.259,0.0,
2025-10-06 21:52:21.794518471,,,692.0
2025-10-06 21:52:21.884517431,,,693.0
2025-10-06 21:52:22.004582167,,,694.0
2025-10-06 21:52:22.084589243,,,695.0
2025-10-06 21:52:21.940070391,5.296,0.0,
2025-10-06 21:52:22.214602947,,,696.0
2025-10-06 21:52:22.294520140,,,697.0
2025-10-06 21:52:22.414520264,,,698.0
2025-10-06 21:52:22.504518747,,,699.0
2025-10-06 21:52:22.345984459,5.326,0.0,
2025-10-06 21:52:22.624518871,,,700.0
2025-10-06 21:52:22.704449654,,,701.0
2025-10-06 21:52:22.834520578,,,702.0
2025-10-06 21:52:22.914473534,,,703.0
2025-10-06 21:52:22.751085997,5.354,0.0,
2025-10-06 21:52:23.044519901,,,704.0
2025-10-06 21:52:23.124619007,,,705.0
2025-10-06 21:52:23.244520187,,,706.0
2025-10-06 21:52:23.324520588,,,707.0
2025-10-06 21:52:23.157498121,5.387,0.0,
2025-10-06 21:52:23.454522371,,,708.0
2025-10-06 21:52:23.534473658,,,709.0
2025-10-06 21:52:23.654471636,,,710.0
2025-10-06 21:52:23.744597673,,,711.0
2025-10-06 21:52:23.575091124,5.413,0.0,
2025-10-06 21:52:23.864446163,,,712.0
2025-10-06 21:52:23.944566488,,,713.0
2025-10-06 21:52:24.074479580,,,714.0
2025-10-06 21:52:24.174610853,,,715.0
2025-10-06 21:52:23.981997728,5.444,0.0,
2025-10-06 21:52:24.294587612,,,716.0
2025-10-06 21:52:24.374524117,,,717.0
2025-10-06 21:52:24.504017352,,,718.0
2025-10-06 21:52:24.574523926,,,719.0
2025-10-06 21:52:24.387789965,5.472,0.0,
2025-10-06 21:52:24.694524765,,,720.0
2025-10-06 21:52:24.774524450,,,721.0
2025-10-06 21:52:24.904669285,,,722.0
2025-10-06 21:52:24.984523535,,,723.0
2025-10-06 21:52:24.808681965,5.501,0.0,
2025-10-06 21:52:25.104472876,,,724.0
2025-10-06 21:52:25.194525003,,,725.0
2025-10-06 21:52:25.314491749,,,726.0
2025-10-06 21:52:25.394525528,,,727.0
2025-10-06 21:52:25.214465857,5.536,0.0,
2025-10-06 21:52:25.524524689,,,728.0
2025-10-06 21:52:25.604524851,,,729.0
2025-10-06 21:52:25.724123478,,,730.0
2025-10-06 21:52:25.814525604,,,731.0
2025-10-06 21:52:25.615537167,5.562,0.0,
2025-10-06 21:52:25.934526920,,,732.0
2025-10-06 21:52:26.014507771,,,733.0
2025-10-06 21:52:26.144525766,,,734.0
2025-10-06 21:52:26.224256992,,,735.0
2025-10-06 21:52:26.021518230,5.591,0.0,
2025-10-06 21:52:26.344526052,,,736.0
2025-10-06 21:52:26.434528112,,,737.0
2025-10-06 21:52:26.554527998,,,738.0
2025-10-06 21:52:26.427817822,5.621,0.0,
2025-10-06 21:52:26.634478092,,,739.0
2025-10-06 21:52:26.764625072,,,740.0
2025-10-06 21:52:26.854603052,,,741.0
2025-10-06 21:52:26.974511147,,,742.0
2025-10-06 21:52:26.834454060,5.649,0.0,
2025-10-06 21:52:27.054528952,,,743.0
2025-10-06 21:52:27.174595833,,,744.0
2025-10-06 21:52:27.264285326,,,745.0
2025-10-06 21:52:27.384115696,,,746.0
2025-10-06 21:52:27.249272108,5.685,0.0,
2025-10-06 21:52:27.494604588,,,747.0
2025-10-06 21:52:27.624499559,,,748.0
2025-10-06 21:52:27.714470148,,,749.0
2025-10-06 21:52:27.844337940,,,750.0
2025-10-06 21:52:27.651759148,5.719,0.0,
2025-10-06 21:52:27.894530535,,,751.0
2025-10-06 21:52:28.014531136,,,752.0
2025-10-06 21:52:28.094599485,,,753.0
2025-10-06 21:52:28.214469433,,,754.0
2025-10-06 21:52:28.057991028,5.75,0.0,
2025-10-06 21:52:28.294531584,,,755.0
2025-10-06 21:52:28.414721489,,,756.0
2025-10-06 21:52:28.504530668,,,757.0
2025-10-06 21:52:28.624531031,,,758.0
2025-10-06 21:52:28.460975885,5.773,0.0,
2025-10-06 21:52:28.704531193,,,759.0
2025-10-06 21:52:28.834532022,,,760.0
2025-10-06 21:52:28.914532661,,,761.0
2025-10-06 21:52:29.044609308,,,762.0
2025-10-06 21:52:28.863479137,5.804,0.0,
2025-10-06 21:52:29.124532223,,,763.0
2025-10-06 21:52:29.244531870,,,764.0
2025-10-06 21:52:29.324532509,,,765.0
2025-10-06 21:52:29.454598427,,,766.0
2025-10-06 21:52:29.268674612,5.833,0.0,
2025-10-06 21:52:29.534463881,,,767.0
2025-10-06 21:52:29.664533138,,,768.0
2025-10-06 21:52:29.744533062,,,769.0
2025-10-06 21:52:29.864469528,,,770.0
2025-10-06 21:52:29.673486710,5.867,0.0,
2025-10-06 21:52:29.954614639,,,771.0
2025-10-06 21:52:30.074602842,,,772.0
2025-10-06 21:52:30.154470205,,,773.0
2025-10-06 21:52:30.274535418,,,774.0
2025-10-06 21:52:30.076512098,5.894,0.0,
2025-10-06 21:52:30.364470482,,,775.0
2025-10-06 21:52:30.484534979,,,776.0
2025-10-06 21:52:30.564255238,,,777.0
2025-10-06 21:52:30.480772495,5.926,0.0,
2025-10-06 21:52:30.694600821,,,778.0
2025-10-06 21:52:30.774536133,,,779.0
2025-10-06 21:52:30.903997898,,,780.0
2025-10-06 21:52:30.984535217,,,781.0
2025-10-06 21:52:30.884471893,5.953,0.0,
2025-10-06 21:52:31.114729881,,,782.0
2025-10-06 21:52:31.194475889,,,783.0
2025-10-06 21:52:31.314181566,,,784.0
2025-10-06 21:52:31.394603014,,,785.0
2025-10-06 21:52:31.288986921,5.983,0.0,
2025-10-06 21:52:31.524536609,,,786.0
2025-10-06 21:52:31.604536772,,,787.0
2025-10-06 21:52:31.734538317,,,788.0
2025-10-06 21:52:31.814473152,,,789.0
2025-10-06 21:52:31.691874981,6.01,0.0,
2025-10-06 21:52:31.934113503,,,790.0
2025-10-06 21:52:32.024235964,,,791.0
2025-10-06 21:52:32.144537687,,,792.0
2025-10-06 21:52:32.224256516,,,793.0
2025-10-06 21:52:32.096488237,6.036,0.0,
2025-10-06 21:52:32.354539633,,,794.0
2025-10-06 21:52:32.434539557,,,795.0
2025-10-06 21:52:32.554625750,,,796.0
2025-10-06 21:52:32.634615898,,,797.0
2025-10-06 21:52:32.500844002,6.071,0.0,
2025-10-06 21:52:32.763992310,,,798.0
2025-10-06 21:52:32.844128847,,,799.0
2025-10-06 21:52:32.974540710,,,800.0
2025-10-06 21:52:33.054540873,,,801.0
2025-10-06 21:52:32.906986952,6.1,0.0,
2025-10-06 21:52:33.174540758,,,802.0
2025-10-06 21:52:33.264539242,,,803.0
2025-10-06 21:52:33.384540319,,,804.0
2025-10-06 21:52:33.464475870,,,805.0
2025-10-06 21:52:33.322996140,6.133,0.0,
2025-10-06 21:52:33.594054222,,,806.0
2025-10-06 21:52:33.674477816,,,807.0
2025-10-06 21:52:33.804540873,,,808.0
2025-10-06 21:52:33.884541512,,,809.0
2025-10-06 21:52:33.729486227,6.167,0.0,
2025-10-06 21:52:34.004541159,,,810.0
2025-10-06 21:52:34.084541321,,,811.0
2025-10-06 21:52:34.214532614,,,812.0
2025-10-06 21:52:34.294543266,,,813.0
2025-10-06 21:52:34.131957293,6.194,0.0,
2025-10-06 21:52:34.424631834,,,814.0
2025-10-06 21:52:34.504489422,,,815.0
2025-10-06 21:52:34.623811483,,,816.0
2025-10-06 21:52:34.704542637,,,817.0
2025-10-06 21:52:34.535751820,6.221,0.0,
2025-10-06 21:52:34.834501028,,,818.0
2025-10-06 21:52:34.914559841,,,819.0
2025-10-06 21:52:35.044543505,,,820.0
